{
    "@module": "dpdata.system",
    "@class": "LabeledSystem",
    "data": {
        "atom_numbs": [
            4
        ],
        "atom_names": [
            "Al"
        ],
        "atom_types": {
            "@module": "numpy",
            "@class": "array",
            "dtype": "int64",
            "data": [
                0,
                0,
                0,
                0
            ]
        },
        "orig": {
            "@module": "numpy",
            "@class": "array",
            "dtype": "int64",
            "data": [
                0,
                0,
                0
            ]
        },
        "cells": {
            "@module": "numpy",
            "@class": "array",
            "dtype": "float64",
            "data": [
                [
                    [
                        4.0369359481,
                        0.0,
                        0.0
                    ],
                    [
                        0.0,
                        4.0369359481,
                        0.0
                    ],
                    [
                        0.0,
                        0.080738719,
                        4.0361284802
                    ]
                ],
                [
                    [
                        4.0369359481,
                        0.0,
                        0.0
                    ],
                    [
                        0.0,
                        4.0369359481,
                        0.0
                    ],
                    [
                        0.0,
                        0.080738719,
                        4.0361284802
                    ]
                ]
            ]
        },
        "coords": {
            "@module": "numpy",
            "@class": "array",
            "dtype": "float64",
            "data": [
                [
                    [
                        0.0,
                        0.0,
                        0.0
                    ],
                    [
                        0.0,
                        2.05883733355,
                        2.0180642401
                    ],
                    [
                        2.01846797405,
                        2.01846797405,
                        0.0
                    ],
                    [
                        2.01846797405,
                        0.04036935949999999,
                        2.0180642401
                    ]
                ],
                [
                    [
                        2.488682199412792e-11,
                        2.05883733355,
                        2.0180642401
                    ],
                    [
                        2.488682199412792e-11,
                        0.08073871902495852,
                        4.0361284802
                    ],
                    [
                        2.01846797405,
                        2.018467974050037,
                        1.8340611788161624e-12
                    ],
                    [
                        2.01846797405,
                        0.040369359524958556,
                        2.0180642401
                    ]
                ]
            ]
        },
        "energies": {
            "@module": "numpy",
            "@class": "array",
            "dtype": "float64",
            "data": [
                -14.98181,
                -14.98181
            ]
        },
        "forces": {
            "@module": "numpy",
            "@class": "array",
            "dtype": "float64",
            "data": [
                [
                    [
                        2.36786e-10,
                        2.37119e-10,
                        -1.74501e-11
                    ],
                    [
                        2.36786e-10,
                        -2.37119e-10,
                        1.74499e-11
                    ],
                    [
                        -2.36786e-10,
                        -2.37119e-10,
                        1.74502e-11
                    ],
                    [
                        -2.36786e-10,
                        2.3712e-10,
                        -1.745e-11
                    ]
                ],
                [
                    [
                        1.07252e-12,
                        5.42379e-13,
                        -7.26516e-12
                    ],
                    [
                        1.07235e-12,
                        -5.41337e-13,
                        7.26523e-12
                    ],
                    [
                        -1.07218e-12,
                        5.39746e-13,
                        -7.26479e-12
                    ],
                    [
                        -1.07254e-12,
                        -5.40821e-13,
                        7.26462e-12
                    ]
                ]
            ]
        },
        "virials": {
            "@module": "numpy",
            "@class": "array",
            "dtype": "float64",
            "data": [
                [
                    [
                        -0.0045611377623527155,
                        -1.5873396131835992e-16,
                        6.906367320420633e-17
                    ],
                    [
                        -1.5873396131835992e-16,
                        0.013328508585313174,
                        -0.27863375068093155
                    ],
                    [
                        6.906367320420633e-17,
                        -0.27863375068093155,
                        0.024476088023503362
                    ]
                ],
                [
                    [
                        -0.0045611377623527155,
                        3.468633530663582e-16,
                        1.1339127566604546e-15
                    ],
                    [
                        3.468633530663582e-16,
                        0.013328508585313174,
                        -0.27863375068093155
                    ],
                    [
                        1.1339127566604546e-15,
                        -0.27863375068093155,
                        0.024476088023503362
                    ]
                ]
            ]
        },
        "stress": {
            "@module": "numpy",
            "@class": "array",
            "dtype": "float64",
            "data": [
                [
                    [
                        -0.11110021,
                        -3.8664424e-15,
                        1.6822532e-15
                    ],
                    [
                        -3.8664424e-15,
                        0.32465586,
                        -6.7869619000000005
                    ],
                    [
                        1.6822532e-15,
                        -6.7869619000000005,
                        0.5961886399999999
                    ]
                ],
                [
                    [
                        -0.11110021,
                        8.448898799999999e-15,
                        2.7619850999999998e-14
                    ],
                    [
                        8.448898799999999e-15,
                        0.32465586,
                        -6.7869619000000005
                    ],
                    [
                        2.7619850999999998e-14,
                        -6.7869619000000005,
                        0.5961886399999999
                    ]
                ]
            ]
        }
    }
}