{
    "@module": "dpdata.system",
    "@class": "LabeledSystem",
    "data": {
        "atom_numbs": [
            4
        ],
        "atom_names": [
            "Al"
        ],
        "atom_types": {
            "@module": "numpy",
            "@class": "array",
            "dtype": "int64",
            "data": [
                0,
                0,
                0,
                0
            ]
        },
        "orig": {
            "@module": "numpy",
            "@class": "array",
            "dtype": "int64",
            "data": [
                0,
                0,
                0
            ]
        },
        "cells": {
            "@module": "numpy",
            "@class": "array",
            "dtype": "float64",
            "data": [
                [
                    [
                        4.0369359481,
                        0.0,
                        0.0
                    ],
                    [
                        0.0,
                        3.9963626978,
                        0.0
                    ],
                    [
                        0.0,
                        0.0,
                        4.0369359481
                    ]
                ],
                [
                    [
                        4.0369359481,
                        0.0,
                        0.0
                    ],
                    [
                        0.0,
                        3.9963626978,
                        0.0
                    ],
                    [
                        0.0,
                        0.0,
                        4.0369359481
                    ]
                ]
            ]
        },
        "coords": {
            "@module": "numpy",
            "@class": "array",
            "dtype": "float64",
            "data": [
                [
                    [
                        0.0,
                        0.0,
                        0.0
                    ],
                    [
                        0.0,
                        1.9981813489,
                        2.01846797405
                    ],
                    [
                        2.01846797405,
                        1.9981813489,
                        0.0
                    ],
                    [
                        2.01846797405,
                        0.0,
                        2.01846797405
                    ]
                ],
                [
                    [
                        2.5000017678112644e-11,
                        0.0,
                        2.5000017678112644e-11
                    ],
                    [
                        2.5000017678112644e-11,
                        1.9981813489,
                        2.01846797405
                    ],
                    [
                        2.01846797405,
                        1.9981813489,
                        2.5000017678112644e-11
                    ],
                    [
                        2.01846797405,
                        1.890619246888713e-19,
                        2.01846797405
                    ]
                ]
            ]
        },
        "energies": {
            "@module": "numpy",
            "@class": "array",
            "dtype": "float64",
            "data": [
                -14.982046,
                -14.982046
            ]
        },
        "forces": {
            "@module": "numpy",
            "@class": "array",
            "dtype": "float64",
            "data": [
                [
                    [
                        2.43722e-10,
                        -5.09575e-18,
                        2.43722e-10
                    ],
                    [
                        2.43722e-10,
                        -2.69695e-18,
                        -2.43722e-10
                    ],
                    [
                        -2.43722e-10,
                        5.44812e-18,
                        2.43722e-10
                    ],
                    [
                        -2.43722e-10,
                        1.84314e-18,
                        -2.43722e-10
                    ]
                ],
                [
                    [
                        -4.44089e-16,
                        9.21572e-18,
                        -2.65782e-16
                    ],
                    [
                        -1.80411e-16,
                        -2.17383e-17,
                        2.77564e-16
                    ],
                    [
                        2.77556e-16,
                        -5.14996e-18,
                        -2.94838e-16
                    ],
                    [
                        2.91434e-16,
                        -2.47198e-17,
                        2.9656e-16
                    ]
                ]
            ]
        },
        "virials": {
            "@module": "numpy",
            "@class": "array",
            "dtype": "float64",
            "data": [
                [
                    [
                        0.25249257395095975,
                        -1.3660946320470361e-17,
                        -3.3350056170199525e-16
                    ],
                    [
                        -1.3660946320470361e-17,
                        0.507566839964849,
                        1.3866944783180278e-16
                    ],
                    [
                        -3.3350056170199525e-16,
                        1.3866944783180278e-16,
                        0.25249257395095975
                    ]
                ],
                [
                    [
                        0.25249257395095975,
                        -1.4636728084361725e-17,
                        2.0870890076330444e-16
                    ],
                    [
                        -1.4636728084361725e-17,
                        0.507566839964849,
                        3.252606272585769e-18
                    ],
                    [
                        2.0870890076330444e-16,
                        3.252606272585769e-18,
                        0.25249257395095975
                    ]
                ]
            ]
        },
        "stress": {
            "@module": "numpy",
            "@class": "array",
            "dtype": "float64",
            "data": [
                [
                    [
                        6.2114126999999995,
                        -3.3606443999999997e-16,
                        -8.2042398e-15
                    ],
                    [
                        -3.3606443999999997e-16,
                        12.486336,
                        3.4113208000000002e-15
                    ],
                    [
                        -8.2042398e-15,
                        3.4113208000000002e-15,
                        6.2114126999999995
                    ]
                ],
                [
                    [
                        6.2114126999999995,
                        -3.6006904000000003e-16,
                        5.1343178e-15
                    ],
                    [
                        -3.6006904000000003e-16,
                        12.486336,
                        8.001534299999999e-17
                    ],
                    [
                        5.1343178e-15,
                        8.001534299999999e-17,
                        6.2114126999999995
                    ]
                ]
            ]
        }
    }
}