{
    "@module": "dpdata.system",
    "@class": "LabeledSystem",
    "data": {
        "atom_numbs": [
            4
        ],
        "atom_names": [
            "Al"
        ],
        "atom_types": {
            "@module": "numpy",
            "@class": "array",
            "dtype": "int64",
            "data": [
                0,
                0,
                0,
                0
            ]
        },
        "orig": {
            "@module": "numpy",
            "@class": "array",
            "dtype": "int64",
            "data": [
                0,
                0,
                0
            ]
        },
        "cells": {
            "@module": "numpy",
            "@class": "array",
            "dtype": "float64",
            "data": [
                [
                    [
                        3.9914763581,
                        0.0,
                        0.0
                    ],
                    [
                        0.0,
                        4.0319999997,
                        0.0
                    ],
                    [
                        0.0,
                        0.0,
                        4.0319999997
                    ]
                ],
                [
                    [
                        3.9914763581,
                        0.0,
                        0.0
                    ],
                    [
                        0.0,
                        4.0319999997,
                        0.0
                    ],
                    [
                        0.0,
                        0.0,
                        4.0319999997
                    ]
                ]
            ]
        },
        "coords": {
            "@module": "numpy",
            "@class": "array",
            "dtype": "float64",
            "data": [
                [
                    [
                        0.0,
                        0.0,
                        0.0
                    ],
                    [
                        1.99573817905,
                        2.01599999985,
                        0.0
                    ],
                    [
                        0.0,
                        2.01599999985,
                        2.01599999985
                    ],
                    [
                        1.99573817905,
                        0.0,
                        2.01599999985
                    ]
                ],
                [
                    [
                        3.9914763581,
                        2.01599999985,
                        2.01599999985
                    ],
                    [
                        1.99573817905,
                        2.01599999985,
                        4.0319999997
                    ],
                    [
                        1.99573817905,
                        4.0319999997,
                        2.01599999985
                    ],
                    [
                        3.9914763581,
                        4.0319999997,
                        4.0319999997
                    ]
                ]
            ]
        },
        "energies": {
            "@module": "numpy",
            "@class": "array",
            "dtype": "float64",
            "data": [
                -13.440574,
                -13.440574
            ]
        },
        "forces": {
            "@module": "numpy",
            "@class": "array",
            "dtype": "float64",
            "data": [
                [
                    [
                        -2.43183e-10,
                        -2.39979e-10,
                        -2.39979e-10
                    ],
                    [
                        2.43182e-10,
                        2.39979e-10,
                        -2.39979e-10
                    ],
                    [
                        -2.43182e-10,
                        2.39979e-10,
                        2.39979e-10
                    ],
                    [
                        2.43182e-10,
                        -2.39979e-10,
                        2.39979e-10
                    ]
                ],
                [
                    [
                        2.13513e-12,
                        1.08007e-12,
                        1.08008e-12
                    ],
                    [
                        -2.13549e-12,
                        1.07971e-12,
                        -1.08007e-12
                    ],
                    [
                        -2.13542e-12,
                        -1.08007e-12,
                        1.07977e-12
                    ],
                    [
                        2.13581e-12,
                        -1.07972e-12,
                        -1.07974e-12
                    ]
                ]
            ]
        },
        "virials": {
            "@module": "numpy",
            "@class": "array",
            "dtype": "float64",
            "data": [
                [
                    [
                        0.43713891730836524,
                        -5.846017697917592e-16,
                        -5.587579296435221e-16
                    ],
                    [
                        -5.846017697917592e-16,
                        0.2951301856959152,
                        3.2811512893073854e-17
                    ],
                    [
                        -5.587579296435221e-16,
                        3.2811512893073854e-17,
                        0.2951301856959152
                    ]
                ],
                [
                    [
                        0.43713891730836524,
                        -5.734332128386542e-16,
                        -3.493773460299632e-16
                    ],
                    [
                        -5.734332128386542e-16,
                        0.2951301856959152,
                        1.1689936236393207e-16
                    ],
                    [
                        -3.493773460299632e-16,
                        1.1689936236393207e-16,
                        0.2951301856959152
                    ]
                ]
            ]
        },
        "stress": {
            "@module": "numpy",
            "@class": "array",
            "dtype": "float64",
            "data": [
                [
                    [
                        10.793325000000001,
                        -1.4434306e-14,
                        -1.3796200000000001e-14
                    ],
                    [
                        -1.4434306e-14,
                        7.2870108,
                        8.1014366e-16
                    ],
                    [
                        -1.3796200000000001e-14,
                        8.1014366e-16,
                        7.2870108
                    ]
                ],
                [
                    [
                        10.793325000000001,
                        -1.4158545e-14,
                        -8.626418500000001e-15
                    ],
                    [
                        -1.4158545e-14,
                        7.2870108,
                        2.8863429e-15
                    ],
                    [
                        -8.626418500000001e-15,
                        2.8863429e-15,
                        7.2870108
                    ]
                ]
            ]
        }
    }
}