{
    "@module": "dpdata.system",
    "@class": "LabeledSystem",
    "data": {
        "atom_numbs": [
            4
        ],
        "atom_names": [
            "Al"
        ],
        "atom_types": {
            "@module": "numpy",
            "@class": "array",
            "dtype": "int64",
            "data": [
                0,
                0,
                0,
                0
            ]
        },
        "orig": {
            "@module": "numpy",
            "@class": "array",
            "dtype": "int64",
            "data": [
                0,
                0,
                0
            ]
        },
        "cells": {
            "@module": "numpy",
            "@class": "array",
            "dtype": "float64",
            "data": [
                [
                    [
                        4.0369359481,
                        0.0,
                        0.0
                    ],
                    [
                        0.0,
                        4.0369359481,
                        0.0
                    ],
                    [
                        0.080738719,
                        0.0,
                        4.0361284802
                    ]
                ],
                [
                    [
                        4.0369359481,
                        0.0,
                        0.0
                    ],
                    [
                        0.0,
                        4.0369359481,
                        0.0
                    ],
                    [
                        0.080738719,
                        0.0,
                        4.0361284802
                    ]
                ]
            ]
        },
        "coords": {
            "@module": "numpy",
            "@class": "array",
            "dtype": "float64",
            "data": [
                [
                    [
                        0.0,
                        0.0,
                        0.0
                    ],
                    [
                        2.05883733355,
                        0.0,
                        2.0180642401
                    ],
                    [
                        2.01846797405,
                        2.01846797405,
                        0.0
                    ],
                    [
                        0.0403693595,
                        2.01846797405,
                        2.0180642401
                    ]
                ],
                [
                    [
                        2.05883733355,
                        2.4886862363487397e-11,
                        2.0180642401
                    ],
                    [
                        0.0807387190249586,
                        2.488682199412792e-11,
                        4.0361284802
                    ],
                    [
                        2.018467974050037,
                        2.01846797405,
                        1.8340450343022415e-12
                    ],
                    [
                        0.040369359524958556,
                        2.01846797405,
                        2.0180642401
                    ]
                ]
            ]
        },
        "energies": {
            "@module": "numpy",
            "@class": "array",
            "dtype": "float64",
            "data": [
                -14.98181,
                -14.98181
            ]
        },
        "forces": {
            "@module": "numpy",
            "@class": "array",
            "dtype": "float64",
            "data": [
                [
                    [
                        2.37119e-10,
                        2.36786e-10,
                        -1.745e-11
                    ],
                    [
                        -2.37119e-10,
                        2.36786e-10,
                        1.745e-11
                    ],
                    [
                        -2.37119e-10,
                        -2.36786e-10,
                        1.745e-11
                    ],
                    [
                        2.37119e-10,
                        -2.36786e-10,
                        -1.74499e-11
                    ]
                ],
                [
                    [
                        5.42524e-13,
                        1.07256e-12,
                        -7.26505e-12
                    ],
                    [
                        -5.40956e-13,
                        1.07301e-12,
                        7.26548e-12
                    ],
                    [
                        5.39097e-13,
                        -1.07273e-12,
                        -7.26497e-12
                    ],
                    [
                        -5.40665e-13,
                        -1.07285e-12,
                        7.26465e-12
                    ]
                ]
            ]
        },
        "virials": {
            "@module": "numpy",
            "@class": "array",
            "dtype": "float64",
            "data": [
                [
                    [
                        0.013328508585313174,
                        -3.939922647464041e-16,
                        -0.27863375068093155
                    ],
                    [
                        -3.939922647464041e-16,
                        -0.0045611377623527155,
                        2.393647155000067e-16
                    ],
                    [
                        -0.27863375068093155,
                        2.393647155000067e-16,
                        0.024476088023503362
                    ]
                ],
                [
                    [
                        0.013328508585313174,
                        -1.880548536195706e-16,
                        -0.27863375068093155
                    ],
                    [
                        -1.880548536195706e-16,
                        -0.0045611377623527155,
                        5.442152494071282e-16
                    ],
                    [
                        -0.27863375068093155,
                        5.442152494071282e-16,
                        0.024476088023503362
                    ]
                ]
            ]
        },
        "stress": {
            "@module": "numpy",
            "@class": "array",
            "dtype": "float64",
            "data": [
                [
                    [
                        0.32465586,
                        -9.596865e-15,
                        -6.7869619000000005
                    ],
                    [
                        -9.596865e-15,
                        -0.11110021,
                        5.8304466e-15
                    ],
                    [
                        -6.7869619000000005,
                        5.8304466e-15,
                        0.5961886399999999
                    ]
                ],
                [
                    [
                        0.32465586,
                        -4.5806408e-15,
                        -6.7869619000000005
                    ],
                    [
                        -4.5806408e-15,
                        -0.11110021,
                        1.3255997000000001e-14
                    ],
                    [
                        -6.7869619000000005,
                        1.3255997000000001e-14,
                        0.5961886399999999
                    ]
                ]
            ]
        }
    }
}