{
    "@module": "dpdata.system",
    "@class": "LabeledSystem",
    "data": {
        "atom_numbs": [
            4
        ],
        "atom_names": [
            "Al"
        ],
        "atom_types": {
            "@module": "numpy",
            "@class": "array",
            "dtype": "int64",
            "data": [
                0,
                0,
                0,
                0
            ]
        },
        "orig": {
            "@module": "numpy",
            "@class": "array",
            "dtype": "int64",
            "data": [
                0,
                0,
                0
            ]
        },
        "cells": {
            "@module": "numpy",
            "@class": "array",
            "dtype": "float64",
            "data": [
                [
                    [
                        4.4058831631,
                        0.0,
                        0.0
                    ],
                    [
                        -0.0,
                        4.4058831631,
                        0.0
                    ],
                    [
                        -0.0,
                        -0.0,
                        4.4058831631
                    ]
                ],
                [
                    [
                        4.4058831631,
                        0.0,
                        0.0
                    ],
                    [
                        -0.0,
                        4.4058831631,
                        0.0
                    ],
                    [
                        -0.0,
                        -0.0,
                        4.4058831631
                    ]
                ]
            ]
        },
        "coords": {
            "@module": "numpy",
            "@class": "array",
            "dtype": "float64",
            "data": [
                [
                    [
                        0.0,
                        0.0,
                        0.0
                    ],
                    [
                        2.20294158155,
                        0.0,
                        2.20294158155
                    ],
                    [
                        2.20294158155,
                        2.20294158155,
                        0.0
                    ],
                    [
                        0.0,
                        2.20294158155,
                        2.20294158155
                    ]
                ],
                [
                    [
                        2.5000038479388547e-11,
                        2.4999994420556913e-11,
                        2.4999994420556913e-11
                    ],
                    [
                        2.20294158155,
                        2.4999950361725282e-11,
                        2.20294158155
                    ],
                    [
                        2.20294158155,
                        2.20294158155,
                        2.4999950361725282e-11
                    ],
                    [
                        2.4999950361725282e-11,
                        2.20294158155,
                        2.20294158155
                    ]
                ]
            ]
        },
        "energies": {
            "@module": "numpy",
            "@class": "array",
            "dtype": "float64",
            "data": [
                -14.128672,
                -14.128672
            ]
        },
        "forces": {
            "@module": "numpy",
            "@class": "array",
            "dtype": "float64",
            "data": [
                [
                    [
                        6.20348e-11,
                        6.20347e-11,
                        6.20347e-11
                    ],
                    [
                        -6.20348e-11,
                        6.20347e-11,
                        -6.20347e-11
                    ],
                    [
                        -6.20347e-11,
                        -6.20347e-11,
                        6.20346e-11
                    ],
                    [
                        6.20347e-11,
                        -6.20347e-11,
                        -6.20346e-11
                    ]
                ],
                [
                    [
                        5.55112e-17,
                        2.84847e-16,
                        4.36351e-16
                    ],
                    [
                        -1.31839e-16,
                        3.14121e-16,
                        -3.41185e-16
                    ],
                    [
                        -6.93889e-18,
                        -1.5233e-16,
                        3.19948e-16
                    ],
                    [
                        5.55112e-17,
                        -4.83825e-16,
                        -3.46443e-16
                    ]
                ]
            ]
        },
        "virials": {
            "@module": "numpy",
            "@class": "array",
            "dtype": "float64",
            "data": [
                [
                    [
                        -5.870819117064947,
                        1.8973536602673575e-17,
                        -6.158267940579095e-17
                    ],
                    [
                        1.8973536602673575e-17,
                        -5.870819117064947,
                        -2.4286126894127156e-17
                    ],
                    [
                        -6.158267940579095e-17,
                        -2.4286126894127156e-17,
                        -5.870819117064947
                    ]
                ],
                [
                    [
                        -5.870819117064947,
                        3.8922855313496686e-17,
                        -1.0538444098953728e-16
                    ],
                    [
                        3.8922855313496686e-17,
                        -5.870819117064947,
                        -2.669305538247967e-16
                    ],
                    [
                        -1.0538444098953728e-16,
                        -2.669305538247967e-16,
                        -5.870819117064947
                    ]
                ]
            ]
        },
        "stress": {
            "@module": "numpy",
            "@class": "array",
            "dtype": "float64",
            "data": [
                [
                    [
                        -109.9791,
                        3.5543464e-16,
                        -1.1536392999999999e-15
                    ],
                    [
                        3.5543464e-16,
                        -109.9791,
                        -4.549563400000001e-16
                    ],
                    [
                        -1.1536392999999999e-15,
                        -4.549563400000001e-16,
                        -109.9791
                    ]
                ],
                [
                    [
                        -109.9791,
                        7.2914878e-16,
                        -1.9741855e-15
                    ],
                    [
                        7.2914878e-16,
                        -109.9791,
                        -5.0004576e-15
                    ],
                    [
                        -1.9741855e-15,
                        -5.0004576e-15,
                        -109.9791
                    ]
                ]
            ]
        }
    }
}