{
    "@module": "dpdata.system",
    "@class": "LabeledSystem",
    "data": {
        "atom_numbs": [
            4
        ],
        "atom_names": [
            "Al"
        ],
        "atom_types": {
            "@module": "numpy",
            "@class": "array",
            "dtype": "int64",
            "data": [
                0,
                0,
                0,
                0
            ]
        },
        "orig": {
            "@module": "numpy",
            "@class": "array",
            "dtype": "int64",
            "data": [
                0,
                0,
                0
            ]
        },
        "cells": {
            "@module": "numpy",
            "@class": "array",
            "dtype": "float64",
            "data": [
                [
                    [
                        4.0369359481,
                        0.0,
                        0.0
                    ],
                    [
                        0.080738719,
                        4.0361284802,
                        0.0
                    ],
                    [
                        0.0,
                        0.0,
                        4.0369359481
                    ]
                ],
                [
                    [
                        4.0369359481,
                        0.0,
                        0.0
                    ],
                    [
                        0.080738719,
                        4.0361284802,
                        0.0
                    ],
                    [
                        0.0,
                        0.0,
                        4.0369359481
                    ]
                ]
            ]
        },
        "coords": {
            "@module": "numpy",
            "@class": "array",
            "dtype": "float64",
            "data": [
                [
                    [
                        0.0,
                        0.0,
                        0.0
                    ],
                    [
                        2.01846797405,
                        0.0,
                        2.01846797405
                    ],
                    [
                        2.05883733355,
                        2.0180642401,
                        0.0
                    ],
                    [
                        0.04036935949999999,
                        2.0180642401,
                        2.01846797405
                    ]
                ],
                [
                    [
                        2.018467974050037,
                        1.8340813594585633e-12,
                        2.01846797405
                    ],
                    [
                        0.0403693595249586,
                        2.0180642401,
                        2.01846797405
                    ],
                    [
                        2.05883733355,
                        2.0180642401,
                        2.4886781624768438e-11
                    ],
                    [
                        0.08073871902495856,
                        4.0361284802,
                        2.488682199412792e-11
                    ]
                ]
            ]
        },
        "energies": {
            "@module": "numpy",
            "@class": "array",
            "dtype": "float64",
            "data": [
                -14.98181,
                -14.98181
            ]
        },
        "forces": {
            "@module": "numpy",
            "@class": "array",
            "dtype": "float64",
            "data": [
                [
                    [
                        2.37119e-10,
                        -1.74502e-11,
                        2.36786e-10
                    ],
                    [
                        -2.3712e-10,
                        1.74504e-11,
                        -2.36786e-10
                    ],
                    [
                        -2.3712e-10,
                        1.74502e-11,
                        2.36786e-10
                    ],
                    [
                        2.3712e-10,
                        -1.74505e-11,
                        -2.36786e-10
                    ]
                ],
                [
                    [
                        5.39707e-13,
                        -7.26569e-12,
                        -1.07113e-12
                    ],
                    [
                        -5.41012e-13,
                        7.26543e-12,
                        -1.07117e-12
                    ],
                    [
                        5.42524e-13,
                        -7.26462e-12,
                        1.07117e-12
                    ],
                    [
                        -5.4122e-13,
                        7.26484e-12,
                        1.0711e-12
                    ]
                ]
            ]
        },
        "virials": {
            "@module": "numpy",
            "@class": "array",
            "dtype": "float64",
            "data": [
                [
                    [
                        0.01332850858531317,
                        -0.27863375068093144,
                        2.2632718560566724e-17
                    ],
                    [
                        -0.27863375068093144,
                        0.024476088023503356,
                        -1.9946608028055903e-16
                    ],
                    [
                        2.2632718560566724e-17,
                        -1.9946608028055903e-16,
                        -0.004561137762352715
                    ]
                ],
                [
                    [
                        0.01332850858531317,
                        -0.27863375068093144,
                        -1.9434322612186052e-16
                    ],
                    [
                        -0.27863375068093144,
                        0.024476088023503356,
                        -2.2318299935452227e-16
                    ],
                    [
                        -1.9434322612186052e-16,
                        -2.2318299935452227e-16,
                        -0.004561137762352715
                    ]
                ]
            ]
        },
        "stress": {
            "@module": "numpy",
            "@class": "array",
            "dtype": "float64",
            "data": [
                [
                    [
                        0.32465586,
                        -6.7869619000000005,
                        5.512878399999999e-16
                    ],
                    [
                        -6.7869619000000005,
                        0.5961886399999999,
                        -4.8585955000000005e-15
                    ],
                    [
                        5.512878399999999e-16,
                        -4.8585955000000005e-15,
                        -0.11110021
                    ]
                ],
                [
                    [
                        0.32465586,
                        -6.7869619000000005,
                        -4.733813e-15
                    ],
                    [
                        -6.7869619000000005,
                        0.5961886399999999,
                        -5.4362922999999994e-15
                    ],
                    [
                        -4.733813e-15,
                        -5.4362922999999994e-15,
                        -0.11110021
                    ]
                ]
            ]
        }
    }
}