{
    "@module": "dpdata.system",
    "@class": "LabeledSystem",
    "data": {
        "atom_numbs": [
            4
        ],
        "atom_names": [
            "Al"
        ],
        "atom_types": {
            "@module": "numpy",
            "@class": "array",
            "dtype": "int64",
            "data": [
                0,
                0,
                0,
                0
            ]
        },
        "orig": {
            "@module": "numpy",
            "@class": "array",
            "dtype": "int64",
            "data": [
                0,
                0,
                0
            ]
        },
        "cells": {
            "@module": "numpy",
            "@class": "array",
            "dtype": "float64",
            "data": [
                [
                    [
                        3.6677997216,
                        0.0,
                        0.0
                    ],
                    [
                        -0.0,
                        3.6677997216,
                        0.0
                    ],
                    [
                        -0.0,
                        -0.0,
                        3.6677997216
                    ]
                ],
                [
                    [
                        3.6677997216,
                        0.0,
                        0.0
                    ],
                    [
                        -0.0,
                        3.6677997216,
                        0.0
                    ],
                    [
                        -0.0,
                        -0.0,
                        3.6677997216
                    ]
                ]
            ]
        },
        "coords": {
            "@module": "numpy",
            "@class": "array",
            "dtype": "float64",
            "data": [
                [
                    [
                        0.0,
                        0.0,
                        0.0
                    ],
                    [
                        1.8338998608,
                        0.0,
                        1.8338998608
                    ],
                    [
                        1.8338998608,
                        1.8338998608,
                        0.0
                    ],
                    [
                        0.0,
                        1.8338998608,
                        1.8338998608
                    ]
                ],
                [
                    [
                        5.000017936479551e-11,
                        5.000017936479551e-11,
                        5.000017936479551e-11
                    ],
                    [
                        1.8338998608,
                        5.000017936479551e-11,
                        1.8338998608
                    ],
                    [
                        1.8338998608,
                        1.8338998608,
                        5.000017936479551e-11
                    ],
                    [
                        5.000017936479551e-11,
                        1.8338998608,
                        1.8338998608
                    ]
                ]
            ]
        },
        "energies": {
            "@module": "numpy",
            "@class": "array",
            "dtype": "float64",
            "data": [
                -13.220205,
                -13.220205
            ]
        },
        "forces": {
            "@module": "numpy",
            "@class": "array",
            "dtype": "float64",
            "data": [
                [
                    [
                        1.22865e-09,
                        1.22865e-09,
                        1.22865e-09
                    ],
                    [
                        -1.22865e-09,
                        1.22865e-09,
                        -1.22865e-09
                    ],
                    [
                        -1.22865e-09,
                        -1.22865e-09,
                        1.22865e-09
                    ],
                    [
                        1.22865e-09,
                        -1.22865e-09,
                        -1.22865e-09
                    ]
                ],
                [
                    [
                        -3.55271e-15,
                        -3.95127e-15,
                        -3.66873e-15
                    ],
                    [
                        3.52669e-15,
                        -3.72684e-15,
                        3.64173e-15
                    ],
                    [
                        3.68629e-15,
                        3.81617e-15,
                        -3.90531e-15
                    ],
                    [
                        -3.9968e-15,
                        3.69865e-15,
                        3.77058e-15
                    ]
                ]
            ]
        },
        "virials": {
            "@module": "numpy",
            "@class": "array",
            "dtype": "float64",
            "data": [
                [
                    [
                        16.18221479734675,
                        3.0769650192618755e-16,
                        -2.3028166619460137e-16
                    ],
                    [
                        3.0769650192618755e-16,
                        16.18221479734675,
                        1.1159478091987557e-16
                    ],
                    [
                        -2.3028166619460137e-16,
                        1.1159478091987557e-16,
                        16.18221479734675
                    ]
                ],
                [
                    [
                        16.18221479734675,
                        8.023095611373325e-18,
                        -2.73652608029673e-16
                    ],
                    [
                        8.023095611373325e-18,
                        16.18221479734675,
                        -1.183629977698101e-16
                    ],
                    [
                        -2.73652608029673e-16,
                        -1.183629977698101e-16,
                        16.18221479734675
                    ]
                ]
            ]
        },
        "stress": {
            "@module": "numpy",
            "@class": "array",
            "dtype": "float64",
            "data": [
                [
                    [
                        525.45014,
                        9.991164499999999e-15,
                        -7.4774396e-15
                    ],
                    [
                        9.991164499999999e-15,
                        525.45014,
                        3.6235765e-15
                    ],
                    [
                        -7.4774396e-15,
                        3.6235765e-15,
                        525.45014
                    ]
                ],
                [
                    [
                        525.45014,
                        2.6051667e-16,
                        -8.885730600000001e-15
                    ],
                    [
                        2.6051667e-16,
                        525.45014,
                        -3.8433462e-15
                    ],
                    [
                        -8.885730600000001e-15,
                        -3.8433462e-15,
                        525.45014
                    ]
                ]
            ]
        }
    }
}