{
    "@module": "dpdata.system",
    "@class": "LabeledSystem",
    "data": {
        "atom_numbs": [
            4
        ],
        "atom_names": [
            "Al"
        ],
        "atom_types": {
            "@module": "numpy",
            "@class": "array",
            "dtype": "int64",
            "data": [
                0,
                0,
                0,
                0
            ]
        },
        "orig": {
            "@module": "numpy",
            "@class": "array",
            "dtype": "int64",
            "data": [
                0,
                0,
                0
            ]
        },
        "cells": {
            "@module": "numpy",
            "@class": "array",
            "dtype": "float64",
            "data": [
                [
                    [
                        4.2846393506,
                        0.0,
                        0.0
                    ],
                    [
                        0.0,
                        4.2846393506,
                        0.0
                    ],
                    [
                        -0.0,
                        -0.0,
                        4.2846393506
                    ]
                ],
                [
                    [
                        4.2846393506,
                        0.0,
                        0.0
                    ],
                    [
                        0.0,
                        4.2846393506,
                        0.0
                    ],
                    [
                        -0.0,
                        -0.0,
                        4.2846393506
                    ]
                ]
            ]
        },
        "coords": {
            "@module": "numpy",
            "@class": "array",
            "dtype": "float64",
            "data": [
                [
                    [
                        0.0,
                        0.0,
                        0.0
                    ],
                    [
                        2.1423196753,
                        0.0,
                        2.1423196753
                    ],
                    [
                        2.1423196753,
                        2.1423196753,
                        0.0
                    ],
                    [
                        0.0,
                        2.1423196753,
                        2.1423196753
                    ]
                ],
                [
                    [
                        0.0,
                        0.0,
                        0.0
                    ],
                    [
                        2.1423196753,
                        0.0,
                        2.1423196753
                    ],
                    [
                        2.1423196753,
                        2.1423196753,
                        0.0
                    ],
                    [
                        0.0,
                        2.1423196753,
                        2.1423196753
                    ]
                ]
            ]
        },
        "energies": {
            "@module": "numpy",
            "@class": "array",
            "dtype": "float64",
            "data": [
                -12.977257,
                -12.977257
            ]
        },
        "forces": {
            "@module": "numpy",
            "@class": "array",
            "dtype": "float64",
            "data": [
                [
                    [
                        -2.77556e-17,
                        2.77556e-17,
                        -1.11022e-16
                    ],
                    [
                        -4.16334e-17,
                        -1.99493e-17,
                        -1.52656e-16
                    ],
                    [
                        -1.38778e-17,
                        -2.86229e-17,
                        -1.83881e-16
                    ],
                    [
                        0.0,
                        0.0,
                        -5.55112e-17
                    ]
                ],
                [
                    [
                        -2.77556e-17,
                        2.77556e-17,
                        -1.11022e-16
                    ],
                    [
                        -4.16334e-17,
                        -1.99493e-17,
                        -1.52656e-16
                    ],
                    [
                        -1.38778e-17,
                        -2.86229e-17,
                        -1.83881e-16
                    ],
                    [
                        0.0,
                        0.0,
                        -5.55112e-17
                    ]
                ]
            ]
        },
        "virials": {
            "@module": "numpy",
            "@class": "array",
            "dtype": "float64",
            "data": [
                [
                    [
                        -4.655548972531359,
                        -4.206704113703211e-17,
                        -2.574979957585963e-16
                    ],
                    [
                        -4.206704113703211e-17,
                        -4.655548972531359,
                        8.608564569651668e-17
                    ],
                    [
                        -2.574979957585963e-16,
                        8.608564569651668e-17,
                        -4.655548972531359
                    ]
                ],
                [
                    [
                        -4.655548972531359,
                        -4.206704113703211e-17,
                        -2.574979957585963e-16
                    ],
                    [
                        -4.206704113703211e-17,
                        -4.655548972531359,
                        8.608564569651668e-17
                    ],
                    [
                        -2.574979957585963e-16,
                        8.608564569651668e-17,
                        -4.655548972531359
                    ]
                ]
            ]
        },
        "stress": {
            "@module": "numpy",
            "@class": "array",
            "dtype": "float64",
            "data": [
                [
                    [
                        -94.82841099999999,
                        -8.5685935e-16,
                        -5.2449509e-15
                    ],
                    [
                        -8.5685935e-16,
                        -94.82841099999999,
                        1.7534698999999999e-15
                    ],
                    [
                        -5.2449509e-15,
                        1.7534698999999999e-15,
                        -94.82841099999999
                    ]
                ],
                [
                    [
                        -94.82841099999999,
                        -8.5685935e-16,
                        -5.2449509e-15
                    ],
                    [
                        -8.5685935e-16,
                        -94.82841099999999,
                        1.7534698999999999e-15
                    ],
                    [
                        -5.2449509e-15,
                        1.7534698999999999e-15,
                        -94.82841099999999
                    ]
                ]
            ]
        }
    }
}