{
    "@module": "dpdata.system",
    "@class": "LabeledSystem",
    "data": {
        "atom_numbs": [
            4
        ],
        "atom_names": [
            "Al"
        ],
        "atom_types": {
            "@module": "numpy",
            "@class": "array",
            "dtype": "int64",
            "data": [
                0,
                0,
                0,
                0
            ]
        },
        "orig": {
            "@module": "numpy",
            "@class": "array",
            "dtype": "int64",
            "data": [
                0,
                0,
                0
            ]
        },
        "cells": {
            "@module": "numpy",
            "@class": "array",
            "dtype": "float64",
            "data": [
                [
                    [
                        4.049998887,
                        0.0,
                        0.0
                    ],
                    [
                        0.0,
                        4.049998887,
                        0.0
                    ],
                    [
                        0.0,
                        0.0,
                        4.049998887
                    ]
                ],
                [
                    [
                        4.049998887,
                        0.0,
                        0.0
                    ],
                    [
                        0.0,
                        4.049998887,
                        0.0
                    ],
                    [
                        0.0,
                        0.0,
                        4.049998887
                    ]
                ]
            ]
        },
        "coords": {
            "@module": "numpy",
            "@class": "array",
            "dtype": "float64",
            "data": [
                [
                    [
                        0.0,
                        0.0,
                        0.0
                    ],
                    [
                        2.0249994435,
                        0.0,
                        2.0249994435
                    ],
                    [
                        2.0249994435,
                        2.0249994435,
                        0.0
                    ],
                    [
                        0.0,
                        2.0249994435,
                        2.0249994435
                    ]
                ],
                [
                    [
                        0.0,
                        0.0,
                        0.0
                    ],
                    [
                        2.0249994435,
                        0.0,
                        2.0249994435
                    ],
                    [
                        2.0249994435,
                        2.0249994435,
                        0.0
                    ],
                    [
                        0.0,
                        2.0249994435,
                        2.0249994435
                    ]
                ]
            ]
        },
        "energies": {
            "@module": "numpy",
            "@class": "array",
            "dtype": "float64",
            "data": [
                -13.43996,
                -13.43996
            ]
        },
        "forces": {
            "@module": "numpy",
            "@class": "array",
            "dtype": "float64",
            "data": [
                [
                    [
                        0.0,
                        0.0,
                        0.0
                    ],
                    [
                        0.0,
                        0.0,
                        0.0
                    ],
                    [
                        0.0,
                        0.0,
                        0.0
                    ],
                    [
                        0.0,
                        0.0,
                        0.0
                    ]
                ],
                [
                    [
                        0.0,
                        0.0,
                        0.0
                    ],
                    [
                        0.0,
                        0.0,
                        0.0
                    ],
                    [
                        0.0,
                        0.0,
                        0.0
                    ],
                    [
                        0.0,
                        0.0,
                        0.0
                    ]
                ]
            ]
        },
        "virials": {
            "@module": "numpy",
            "@class": "array",
            "dtype": "float64",
            "data": [
                [
                    [
                        -8.87785292077412e-10,
                        -1.2924696104708144e-26,
                        -3.877408831412444e-26
                    ],
                    [
                        -1.2924696104708144e-26,
                        -8.877850433030782e-10,
                        -2.24820085344316e-16
                    ],
                    [
                        -3.877408831412444e-26,
                        -2.24820085344316e-16,
                        -8.877854993893568e-10
                    ]
                ],
                [
                    [
                        -8.87785292077412e-10,
                        -1.2924696104708144e-26,
                        -3.877408831412444e-26
                    ],
                    [
                        -1.2924696104708144e-26,
                        -8.877850433030782e-10,
                        -2.24820085344316e-16
                    ],
                    [
                        -3.877408831412444e-26,
                        -2.24820085344316e-16,
                        -8.877854993893568e-10
                    ]
                ]
            ]
        },
        "stress": {
            "@module": "numpy",
            "@class": "array",
            "dtype": "float64",
            "data": [
                [
                    [
                        -2.1411822e-08,
                        -3.1172097e-25,
                        -9.3516291e-25
                    ],
                    [
                        -3.1172097e-25,
                        -2.1411816e-08,
                        -5.4222656e-15
                    ],
                    [
                        -9.3516291e-25,
                        -5.4222656e-15,
                        -2.1411827e-08
                    ]
                ],
                [
                    [
                        -2.1411822e-08,
                        -3.1172097e-25,
                        -9.3516291e-25
                    ],
                    [
                        -3.1172097e-25,
                        -2.1411816e-08,
                        -5.4222656e-15
                    ],
                    [
                        -9.3516291e-25,
                        -5.4222656e-15,
                        -2.1411827e-08
                    ]
                ]
            ]
        }
    }
}