{
    "@module": "dpdata.system",
    "@class": "LabeledSystem",
    "data": {
        "atom_numbs": [
            4
        ],
        "atom_names": [
            "Al"
        ],
        "atom_types": {
            "@module": "numpy",
            "@class": "array",
            "dtype": "int64",
            "data": [
                0,
                0,
                0,
                0
            ]
        },
        "orig": {
            "@module": "numpy",
            "@class": "array",
            "dtype": "int64",
            "data": [
                0,
                0,
                0
            ]
        },
        "cells": {
            "@module": "numpy",
            "@class": "array",
            "dtype": "float64",
            "data": [
                [
                    [
                        4.0092943475,
                        0.0,
                        0.0
                    ],
                    [
                        0.0,
                        4.049998887,
                        0.0
                    ],
                    [
                        0.0,
                        0.0,
                        4.049998887
                    ]
                ],
                [
                    [
                        4.0092943475,
                        0.0,
                        0.0
                    ],
                    [
                        0.0,
                        4.049998887,
                        0.0
                    ],
                    [
                        0.0,
                        0.0,
                        4.049998887
                    ]
                ]
            ]
        },
        "coords": {
            "@module": "numpy",
            "@class": "array",
            "dtype": "float64",
            "data": [
                [
                    [
                        0.0,
                        0.0,
                        0.0
                    ],
                    [
                        2.00464717375,
                        0.0,
                        2.0249994435
                    ],
                    [
                        2.00464717375,
                        2.0249994435,
                        0.0
                    ],
                    [
                        0.0,
                        2.0249994435,
                        2.0249994435
                    ]
                ],
                [
                    [
                        2.4999994996779726e-11,
                        8.87508656099406e-19,
                        0.0
                    ],
                    [
                        2.00464717375,
                        0.0,
                        2.0249994435
                    ],
                    [
                        2.00464717375,
                        2.0249994435,
                        1.331262984149109e-18
                    ],
                    [
                        2.4999994996779726e-11,
                        2.0249994435,
                        2.0249994435
                    ]
                ]
            ]
        },
        "energies": {
            "@module": "numpy",
            "@class": "array",
            "dtype": "float64",
            "data": [
                -13.437539,
                -13.437539
            ]
        },
        "forces": {
            "@module": "numpy",
            "@class": "array",
            "dtype": "float64",
            "data": [
                [
                    [
                        7.81838e-10,
                        2.77556e-17,
                        -1.66533e-16
                    ],
                    [
                        -7.81838e-10,
                        -2.77556e-17,
                        2.22045e-16
                    ],
                    [
                        -7.81838e-10,
                        -2.77556e-17,
                        4.16334e-17
                    ],
                    [
                        7.81838e-10,
                        2.77556e-17,
                        -9.71445e-17
                    ]
                ],
                [
                    [
                        1.58085e-14,
                        -2.48303e-16,
                        2.63678e-16
                    ],
                    [
                        -1.61116e-14,
                        -4.38885e-16,
                        -2.498e-16
                    ],
                    [
                        -1.57855e-14,
                        3.07046e-16,
                        -2.25514e-16
                    ],
                    [
                        1.60982e-14,
                        3.83374e-16,
                        2.08167e-16
                    ]
                ]
            ]
        },
        "virials": {
            "@module": "numpy",
            "@class": "array",
            "dtype": "float64",
            "data": [
                [
                    [
                        0.4806377880786652,
                        1.1425055943144034e-16,
                        2.7168648422697702e-17
                    ],
                    [
                        1.1425055943144034e-16,
                        0.26543430090829734,
                        1.0750779414893397e-16
                    ],
                    [
                        2.7168648422697702e-17,
                        1.0750779414893397e-16,
                        0.26543430090829734
                    ]
                ],
                [
                    [
                        0.4806377880786652,
                        -6.402323868010913e-16,
                        -1.368157905548084e-15
                    ],
                    [
                        -6.402323868010913e-16,
                        0.26543430090829734,
                        1.0364066805073143e-17
                    ],
                    [
                        -1.368157905548084e-15,
                        1.0364066805073143e-17,
                        0.26543430090829734
                    ]
                ]
            ]
        },
        "stress": {
            "@module": "numpy",
            "@class": "array",
            "dtype": "float64",
            "data": [
                [
                    [
                        11.709829,
                        2.7834984e-15,
                        6.6191264e-16
                    ],
                    [
                        2.7834984e-15,
                        6.4668038,
                        2.6192237e-15
                    ],
                    [
                        6.6191264e-16,
                        2.6192237e-15,
                        6.4668038
                    ]
                ],
                [
                    [
                        11.709829,
                        -1.5598049000000002e-14,
                        -3.3332575000000005e-14
                    ],
                    [
                        -1.5598049000000002e-14,
                        6.4668038,
                        2.5250085e-16
                    ],
                    [
                        -3.3332575000000005e-14,
                        2.5250085e-16,
                        6.4668038
                    ]
                ]
            ]
        }
    }
}