{
    "@module": "dpdata.system",
    "@class": "LabeledSystem",
    "data": {
        "atom_numbs": [
            4
        ],
        "atom_names": [
            "Al"
        ],
        "atom_types": {
            "@module": "numpy",
            "@class": "array",
            "dtype": "int64",
            "data": [
                0,
                0,
                0,
                0
            ]
        },
        "orig": {
            "@module": "numpy",
            "@class": "array",
            "dtype": "int64",
            "data": [
                0,
                0,
                0
            ]
        },
        "cells": {
            "@module": "numpy",
            "@class": "array",
            "dtype": "float64",
            "data": [
                [
                    [
                        4.1621534252,
                        0.0,
                        0.0
                    ],
                    [
                        0.0,
                        4.1621534252,
                        0.0
                    ],
                    [
                        -0.0,
                        -0.0,
                        4.1621534252
                    ]
                ],
                [
                    [
                        4.1621534252,
                        0.0,
                        0.0
                    ],
                    [
                        0.0,
                        4.1621534252,
                        0.0
                    ],
                    [
                        -0.0,
                        -0.0,
                        4.1621534252
                    ]
                ]
            ]
        },
        "coords": {
            "@module": "numpy",
            "@class": "array",
            "dtype": "float64",
            "data": [
                [
                    [
                        0.0,
                        0.0,
                        0.0
                    ],
                    [
                        2.0810767126,
                        0.0,
                        2.0810767126
                    ],
                    [
                        2.0810767126,
                        2.0810767126,
                        0.0
                    ],
                    [
                        0.0,
                        2.0810767126,
                        2.0810767126
                    ]
                ],
                [
                    [
                        0.0,
                        0.0,
                        0.0
                    ],
                    [
                        2.0810767126,
                        0.0,
                        2.0810767126
                    ],
                    [
                        2.0810767126,
                        2.0810767126,
                        0.0
                    ],
                    [
                        0.0,
                        2.0810767126,
                        2.0810767126
                    ]
                ]
            ]
        },
        "energies": {
            "@module": "numpy",
            "@class": "array",
            "dtype": "float64",
            "data": [
                -13.304386,
                -13.304386
            ]
        },
        "forces": {
            "@module": "numpy",
            "@class": "array",
            "dtype": "float64",
            "data": [
                [
                    [
                        0.0,
                        -3.46945e-18,
                        -5.55112e-17
                    ],
                    [
                        0.0,
                        -1.04083e-17,
                        2.77556e-17
                    ],
                    [
                        0.0,
                        -5.20417e-18,
                        -1.11022e-16
                    ],
                    [
                        0.0,
                        -1.04083e-17,
                        -2.77556e-17
                    ]
                ],
                [
                    [
                        0.0,
                        -3.46945e-18,
                        -5.55112e-17
                    ],
                    [
                        0.0,
                        -1.04083e-17,
                        2.77556e-17
                    ],
                    [
                        0.0,
                        -5.20417e-18,
                        -1.11022e-16
                    ],
                    [
                        0.0,
                        -1.04083e-17,
                        -2.77556e-17
                    ]
                ]
            ]
        },
        "virials": {
            "@module": "numpy",
            "@class": "array",
            "dtype": "float64",
            "data": [
                [
                    [
                        -2.7705790090903744,
                        -5.5511147169224575e-17,
                        -4.099368105054772e-16
                    ],
                    [
                        -5.5511147169224575e-17,
                        -2.7705790090903744,
                        -5.802649574405976e-16
                    ],
                    [
                        -4.099368105054772e-16,
                        -5.802649574405976e-16,
                        -2.7705790090903744
                    ]
                ],
                [
                    [
                        -2.7705790090903744,
                        -5.5511147169224575e-17,
                        -4.099368105054772e-16
                    ],
                    [
                        -5.5511147169224575e-17,
                        -2.7705790090903744,
                        -5.802649574405976e-16
                    ],
                    [
                        -4.099368105054772e-16,
                        -5.802649574405976e-16,
                        -2.7705790090903744
                    ]
                ]
            ]
        },
        "stress": {
            "@module": "numpy",
            "@class": "array",
            "dtype": "float64",
            "data": [
                [
                    [
                        -61.563978000000006,
                        -1.2334919999999999e-15,
                        -9.109049300000001e-15
                    ],
                    [
                        -1.2334919999999999e-15,
                        -61.563978000000006,
                        -1.2893846000000001e-14
                    ],
                    [
                        -9.109049300000001e-15,
                        -1.2893846000000001e-14,
                        -61.563978000000006
                    ]
                ],
                [
                    [
                        -61.563978000000006,
                        -1.2334919999999999e-15,
                        -9.109049300000001e-15
                    ],
                    [
                        -1.2334919999999999e-15,
                        -61.563978000000006,
                        -1.2893846000000001e-14
                    ],
                    [
                        -9.109049300000001e-15,
                        -1.2893846000000001e-14,
                        -61.563978000000006
                    ]
                ]
            ]
        }
    }
}