{
    "@module": "dpdata.system",
    "@class": "LabeledSystem",
    "data": {
        "atom_numbs": [
            4
        ],
        "atom_names": [
            "Al"
        ],
        "atom_types": {
            "@module": "numpy",
            "@class": "array",
            "dtype": "int64",
            "data": [
                0,
                0,
                0,
                0
            ]
        },
        "orig": {
            "@module": "numpy",
            "@class": "array",
            "dtype": "int64",
            "data": [
                0,
                0,
                0
            ]
        },
        "cells": {
            "@module": "numpy",
            "@class": "array",
            "dtype": "float64",
            "data": [
                [
                    [
                        4.0319999997,
                        0.0,
                        0.0
                    ],
                    [
                        0.08064,
                        4.031193519,
                        0.0
                    ],
                    [
                        0.0,
                        0.0,
                        4.0319999997
                    ]
                ],
                [
                    [
                        4.0319999997,
                        0.0,
                        0.0
                    ],
                    [
                        0.08064,
                        4.031193519,
                        0.0
                    ],
                    [
                        0.0,
                        0.0,
                        4.0319999997
                    ]
                ]
            ]
        },
        "coords": {
            "@module": "numpy",
            "@class": "array",
            "dtype": "float64",
            "data": [
                [
                    [
                        0.0,
                        0.0,
                        0.0
                    ],
                    [
                        2.05631999985,
                        2.0155967595,
                        0.0
                    ],
                    [
                        0.040319999999999995,
                        2.0155967595,
                        2.01599999985
                    ],
                    [
                        2.01599999985,
                        0.0,
                        2.01599999985
                    ]
                ],
                [
                    [
                        2.09663999985,
                        4.031193519,
                        2.01599999985
                    ],
                    [
                        2.05631999985,
                        2.0155967595,
                        4.0319999997
                    ],
                    [
                        4.0723199997,
                        2.0155967595,
                        2.01599999985
                    ],
                    [
                        4.031999999700037,
                        1.852716385364805e-12,
                        4.0319999997
                    ]
                ]
            ]
        },
        "energies": {
            "@module": "numpy",
            "@class": "array",
            "dtype": "float64",
            "data": [
                -13.439163,
                -13.439163
            ]
        },
        "forces": {
            "@module": "numpy",
            "@class": "array",
            "dtype": "float64",
            "data": [
                [
                    [
                        -2.31658e-10,
                        1.72262e-11,
                        -2.31336e-10
                    ],
                    [
                        2.31658e-10,
                        -1.72262e-11,
                        -2.31336e-10
                    ],
                    [
                        -2.31657e-10,
                        1.72259e-11,
                        2.31336e-10
                    ],
                    [
                        2.31657e-10,
                        -1.72259e-11,
                        2.31336e-10
                    ]
                ],
                [
                    [
                        -4.87596e-13,
                        8.2189e-12,
                        1.10629e-12
                    ],
                    [
                        -4.88706e-13,
                        8.21793e-12,
                        -1.10431e-12
                    ],
                    [
                        4.87076e-13,
                        -8.21893e-12,
                        1.10433e-12
                    ],
                    [
                        4.89241e-13,
                        -8.21791e-12,
                        -1.10623e-12
                    ]
                ]
            ]
        },
        "virials": {
            "@module": "numpy",
            "@class": "array",
            "dtype": "float64",
            "data": [
                [
                    [
                        0.019341692539215416,
                        -0.361330583874984,
                        3.1092247763299287e-17
                    ],
                    [
                        -0.361330583874984,
                        0.03379780746995583,
                        -1.2062425894118453e-16
                    ],
                    [
                        3.1092247763299287e-17,
                        -1.2062425894118453e-16,
                        0.003331507687314484
                    ]
                ],
                [
                    [
                        0.019341692539215416,
                        -0.361330583874984,
                        1.5430821624061759e-15
                    ],
                    [
                        -0.361330583874984,
                        0.03379780746995583,
                        1.163071345600341e-16
                    ],
                    [
                        1.5430821624061759e-15,
                        1.163071345600341e-16,
                        0.003331507687314484
                    ]
                ]
            ]
        },
        "stress": {
            "@module": "numpy",
            "@class": "array",
            "dtype": "float64",
            "data": [
                [
                    [
                        0.47285738,
                        -8.833654699999999,
                        7.601298999999999e-16
                    ],
                    [
                        -8.833654699999999,
                        0.82627426,
                        -2.9489700000000003e-15
                    ],
                    [
                        7.601298999999999e-16,
                        -2.9489700000000003e-15,
                        0.08144726699999999
                    ]
                ],
                [
                    [
                        0.47285738,
                        -8.833654699999999,
                        3.7724609e-14
                    ],
                    [
                        -8.833654699999999,
                        0.82627426,
                        2.8434268e-15
                    ],
                    [
                        3.7724609e-14,
                        2.8434268e-15,
                        0.08144726699999999
                    ]
                ]
            ]
        }
    }
}