{
    "@module": "dpdata.system",
    "@class": "LabeledSystem",
    "data": {
        "atom_numbs": [
            4
        ],
        "atom_names": [
            "Al"
        ],
        "atom_types": {
            "@module": "numpy",
            "@class": "array",
            "dtype": "int64",
            "data": [
                0,
                0,
                0,
                0
            ]
        },
        "orig": {
            "@module": "numpy",
            "@class": "array",
            "dtype": "int64",
            "data": [
                0,
                0,
                0
            ]
        },
        "cells": {
            "@module": "numpy",
            "@class": "array",
            "dtype": "float64",
            "data": [
                [
                    [
                        4.0167005528,
                        0.0,
                        0.0
                    ],
                    [
                        0.0,
                        4.0369359481,
                        0.0
                    ],
                    [
                        0.0,
                        0.0,
                        4.0369359481
                    ]
                ],
                [
                    [
                        4.0167005528,
                        0.0,
                        0.0
                    ],
                    [
                        0.0,
                        4.0369359481,
                        0.0
                    ],
                    [
                        0.0,
                        0.0,
                        4.0369359481
                    ]
                ]
            ]
        },
        "coords": {
            "@module": "numpy",
            "@class": "array",
            "dtype": "float64",
            "data": [
                [
                    [
                        0.0,
                        0.0,
                        0.0
                    ],
                    [
                        2.0083502764,
                        0.0,
                        2.01846797405
                    ],
                    [
                        2.0083502764,
                        2.01846797405,
                        0.0
                    ],
                    [
                        0.0,
                        2.01846797405,
                        2.01846797405
                    ]
                ],
                [
                    [
                        0.0,
                        2.5000058047472124e-11,
                        2.5000058047472124e-11
                    ],
                    [
                        2.0083502764,
                        2.5000058047472124e-11,
                        2.01846797405
                    ],
                    [
                        2.0083502764,
                        2.01846797405,
                        2.5000058047472124e-11
                    ],
                    [
                        0.0,
                        2.01846797405,
                        2.01846797405
                    ]
                ]
            ]
        },
        "energies": {
            "@module": "numpy",
            "@class": "array",
            "dtype": "float64",
            "data": [
                -14.983966,
                -14.983966
            ]
        },
        "forces": {
            "@module": "numpy",
            "@class": "array",
            "dtype": "float64",
            "data": [
                [
                    [
                        -1.38778e-17,
                        2.40252e-10,
                        2.40252e-10
                    ],
                    [
                        2.77556e-17,
                        2.40252e-10,
                        -2.40252e-10
                    ],
                    [
                        1.38778e-17,
                        -2.40252e-10,
                        2.40252e-10
                    ],
                    [
                        -1.38778e-17,
                        -2.40252e-10,
                        -2.40252e-10
                    ]
                ],
                [
                    [
                        2.77556e-17,
                        -2.08628e-16,
                        -1.24236e-16
                    ],
                    [
                        2.77556e-17,
                        -3.45576e-16,
                        3.01997e-16
                    ],
                    [
                        2.77556e-17,
                        2.968e-16,
                        -4.09246e-16
                    ],
                    [
                        0.0,
                        2.65318e-16,
                        2.87129e-16
                    ]
                ]
            ]
        },
        "virials": {
            "@module": "numpy",
            "@class": "array",
            "dtype": "float64",
            "data": [
                [
                    [
                        0.2498300804314423,
                        5.2041700740841005e-18,
                        1.7130392888149148e-17
                    ],
                    [
                        5.2041700740841005e-18,
                        0.12364312767347374,
                        4.163336222693892e-17
                    ],
                    [
                        1.7130392888149148e-17,
                        4.163336222693892e-17,
                        0.12364312767347374
                    ]
                ],
                [
                    [
                        0.2498300804314423,
                        -1.6263031481512813e-17,
                        1.2793584629267906e-17
                    ],
                    [
                        -1.6263031481512813e-17,
                        0.12364312767347374,
                        1.9027746833369993e-16
                    ],
                    [
                        1.2793584629267906e-17,
                        1.9027746833369993e-16,
                        0.12364312767347374
                    ]
                ]
            ]
        },
        "stress": {
            "@module": "numpy",
            "@class": "array",
            "dtype": "float64",
            "data": [
                [
                    [
                        6.114795600000001,
                        1.2737631999999998e-16,
                        4.1928038e-16
                    ],
                    [
                        1.2737631999999998e-16,
                        3.0262667000000003,
                        1.0190106e-15
                    ],
                    [
                        4.1928038e-16,
                        1.0190106e-15,
                        3.0262667000000003
                    ]
                ],
                [
                    [
                        6.114795600000001,
                        -3.98051e-16,
                        3.1313345000000004e-16
                    ],
                    [
                        -3.98051e-16,
                        3.0262667000000003,
                        4.6571967e-15
                    ],
                    [
                        3.1313345000000004e-16,
                        4.6571967e-15,
                        3.0262667000000003
                    ]
                ]
            ]
        }
    }
}