{
    "@module": "dpdata.system",
    "@class": "LabeledSystem",
    "data": {
        "atom_numbs": [
            4
        ],
        "atom_names": [
            "Al"
        ],
        "atom_types": {
            "@module": "numpy",
            "@class": "array",
            "dtype": "int64",
            "data": [
                0,
                0,
                0,
                0
            ]
        },
        "orig": {
            "@module": "numpy",
            "@class": "array",
            "dtype": "int64",
            "data": [
                0,
                0,
                0
            ]
        },
        "cells": {
            "@module": "numpy",
            "@class": "array",
            "dtype": "float64",
            "data": [
                [
                    [
                        3.819385532,
                        0.0,
                        0.0
                    ],
                    [
                        0.0,
                        3.819385532,
                        0.0
                    ],
                    [
                        -0.0,
                        -0.0,
                        3.819385532
                    ]
                ],
                [
                    [
                        3.819385532,
                        0.0,
                        0.0
                    ],
                    [
                        0.0,
                        3.819385532,
                        0.0
                    ],
                    [
                        -0.0,
                        -0.0,
                        3.819385532
                    ]
                ]
            ]
        },
        "coords": {
            "@module": "numpy",
            "@class": "array",
            "dtype": "float64",
            "data": [
                [
                    [
                        0.0,
                        0.0,
                        0.0
                    ],
                    [
                        1.909692766,
                        0.0,
                        1.909692766
                    ],
                    [
                        1.909692766,
                        1.909692766,
                        0.0
                    ],
                    [
                        0.0,
                        1.909692766,
                        1.909692766
                    ]
                ],
                [
                    [
                        0.0,
                        0.0,
                        0.0
                    ],
                    [
                        1.909692766,
                        0.0,
                        1.909692766
                    ],
                    [
                        1.909692766,
                        1.909692766,
                        0.0
                    ],
                    [
                        0.0,
                        1.909692766,
                        1.909692766
                    ]
                ]
            ]
        },
        "energies": {
            "@module": "numpy",
            "@class": "array",
            "dtype": "float64",
            "data": [
                -12.93126,
                -12.93126
            ]
        },
        "forces": {
            "@module": "numpy",
            "@class": "array",
            "dtype": "float64",
            "data": [
                [
                    [
                        -5.55112e-17,
                        -1.11022e-16,
                        -8.32667e-17
                    ],
                    [
                        -2.77556e-17,
                        -1.21431e-16,
                        -7.97973e-17
                    ],
                    [
                        2.77556e-17,
                        1.00614e-16,
                        8.67362e-17
                    ],
                    [
                        0.0,
                        5.55112e-17,
                        -8.32667e-17
                    ]
                ],
                [
                    [
                        -5.55112e-17,
                        -1.11022e-16,
                        -8.32667e-17
                    ],
                    [
                        -2.77556e-17,
                        -1.21431e-16,
                        -7.97973e-17
                    ],
                    [
                        2.77556e-17,
                        1.00614e-16,
                        8.67362e-17
                    ],
                    [
                        0.0,
                        5.55112e-17,
                        -8.32667e-17
                    ]
                ]
            ]
        },
        "virials": {
            "@module": "numpy",
            "@class": "array",
            "dtype": "float64",
            "data": [
                [
                    [
                        6.747204963122499,
                        -3.0314290623217406e-16,
                        -5.751692150320541e-17
                    ],
                    [
                        -3.0314290623217406e-16,
                        6.747204963122499,
                        -4.377465872164006e-16
                    ],
                    [
                        -5.751692150320541e-17,
                        -4.377465872164006e-16,
                        6.747204963122499
                    ]
                ],
                [
                    [
                        6.747204963122499,
                        -3.0314290623217406e-16,
                        -5.751692150320541e-17
                    ],
                    [
                        -3.0314290623217406e-16,
                        6.747204963122499,
                        -4.377465872164006e-16
                    ],
                    [
                        -5.751692150320541e-17,
                        -4.377465872164006e-16,
                        6.747204963122499
                    ]
                ]
            ]
        },
        "stress": {
            "@module": "numpy",
            "@class": "array",
            "dtype": "float64",
            "data": [
                [
                    [
                        194.02326000000002,
                        -8.7172059e-15,
                        -1.6539620000000002e-15
                    ],
                    [
                        -8.7172059e-15,
                        194.02326000000002,
                        -1.2587882000000001e-14
                    ],
                    [
                        -1.6539620000000002e-15,
                        -1.2587882000000001e-14,
                        194.02326000000002
                    ]
                ],
                [
                    [
                        194.02326000000002,
                        -8.7172059e-15,
                        -1.6539620000000002e-15
                    ],
                    [
                        -8.7172059e-15,
                        194.02326000000002,
                        -1.2587882000000001e-14
                    ],
                    [
                        -1.6539620000000002e-15,
                        -1.2587882000000001e-14,
                        194.02326000000002
                    ]
                ]
            ]
        }
    }
}