{
    "@module": "dpdata.system",
    "@class": "LabeledSystem",
    "data": {
        "atom_numbs": [
            4
        ],
        "atom_names": [
            "Al"
        ],
        "atom_types": {
            "@module": "numpy",
            "@class": "array",
            "dtype": "int64",
            "data": [
                0,
                0,
                0,
                0
            ]
        },
        "orig": {
            "@module": "numpy",
            "@class": "array",
            "dtype": "int64",
            "data": [
                0,
                0,
                0
            ]
        },
        "cells": {
            "@module": "numpy",
            "@class": "array",
            "dtype": "float64",
            "data": [
                [
                    [
                        4.0319999997,
                        0.0,
                        0.0
                    ],
                    [
                        0.0,
                        3.9914763581,
                        0.0
                    ],
                    [
                        0.0,
                        0.0,
                        4.0319999997
                    ]
                ],
                [
                    [
                        4.0319999997,
                        0.0,
                        0.0
                    ],
                    [
                        0.0,
                        3.9914763581,
                        0.0
                    ],
                    [
                        0.0,
                        0.0,
                        4.0319999997
                    ]
                ]
            ]
        },
        "coords": {
            "@module": "numpy",
            "@class": "array",
            "dtype": "float64",
            "data": [
                [
                    [
                        0.0,
                        0.0,
                        0.0
                    ],
                    [
                        2.01599999985,
                        1.99573817905,
                        0.0
                    ],
                    [
                        0.0,
                        1.99573817905,
                        2.01599999985
                    ],
                    [
                        2.01599999985,
                        0.0,
                        2.01599999985
                    ]
                ],
                [
                    [
                        2.01599999985,
                        3.9914763581,
                        2.01599999985
                    ],
                    [
                        2.01599999985,
                        1.99573817905,
                        4.0319999997
                    ],
                    [
                        4.0319999997,
                        1.99573817905,
                        2.01599999985
                    ],
                    [
                        4.0319999997,
                        3.9914763581,
                        4.0319999997
                    ]
                ]
            ]
        },
        "energies": {
            "@module": "numpy",
            "@class": "array",
            "dtype": "float64",
            "data": [
                -13.440574,
                -13.440574
            ]
        },
        "forces": {
            "@module": "numpy",
            "@class": "array",
            "dtype": "float64",
            "data": [
                [
                    [
                        -2.39979e-10,
                        -2.43183e-10,
                        -2.39979e-10
                    ],
                    [
                        2.39979e-10,
                        2.43182e-10,
                        -2.39979e-10
                    ],
                    [
                        -2.39979e-10,
                        2.43183e-10,
                        2.39979e-10
                    ],
                    [
                        2.39979e-10,
                        -2.43182e-10,
                        2.39979e-10
                    ]
                ],
                [
                    [
                        1.07975e-12,
                        2.1354e-12,
                        1.08003e-12
                    ],
                    [
                        1.07973e-12,
                        -2.13543e-12,
                        -1.08012e-12
                    ],
                    [
                        -1.07976e-12,
                        -2.13574e-12,
                        1.07979e-12
                    ],
                    [
                        -1.07971e-12,
                        2.13578e-12,
                        -1.07978e-12
                    ]
                ]
            ]
        },
        "virials": {
            "@module": "numpy",
            "@class": "array",
            "dtype": "float64",
            "data": [
                [
                    [
                        0.2951301856959152,
                        -5.203322956220874e-18,
                        1.1186424311380585e-16
                    ],
                    [
                        -5.203322956220874e-18,
                        0.43713891730836524,
                        -5.942105172216361e-16
                    ],
                    [
                        1.1186424311380585e-16,
                        -5.942105172216361e-16,
                        0.2951301856959152
                    ]
                ],
                [
                    [
                        0.2951301856959152,
                        1.2194859616288192e-16,
                        -1.3445799880346146e-16
                    ],
                    [
                        1.2194859616288192e-16,
                        0.43713891730836524,
                        -9.426613048851345e-16
                    ],
                    [
                        -1.3445799880346146e-16,
                        -9.426613048851345e-16,
                        0.2951301856959152
                    ]
                ]
            ]
        },
        "stress": {
            "@module": "numpy",
            "@class": "array",
            "dtype": "float64",
            "data": [
                [
                    [
                        7.2870108,
                        -1.2847439000000002e-16,
                        2.7620216e-15
                    ],
                    [
                        -1.2847439000000002e-16,
                        10.793325000000001,
                        -1.4671554e-14
                    ],
                    [
                        2.7620216e-15,
                        -1.4671554e-14,
                        7.2870108
                    ]
                ],
                [
                    [
                        7.2870108,
                        3.0110127e-15,
                        -3.3198802999999998e-15
                    ],
                    [
                        3.0110127e-15,
                        10.793325000000001,
                        -2.3275095000000002e-14
                    ],
                    [
                        -3.3198802999999998e-15,
                        -2.3275095000000002e-14,
                        7.2870108
                    ]
                ]
            ]
        }
    }
}