{
    "@module": "dpdata.system",
    "@class": "LabeledSystem",
    "data": {
        "atom_numbs": [
            4
        ],
        "atom_names": [
            "Al"
        ],
        "atom_types": {
            "@module": "numpy",
            "@class": "array",
            "dtype": "int64",
            "data": [
                0,
                0,
                0,
                0
            ]
        },
        "orig": {
            "@module": "numpy",
            "@class": "array",
            "dtype": "int64",
            "data": [
                0,
                0,
                0
            ]
        },
        "cells": {
            "@module": "numpy",
            "@class": "array",
            "dtype": "float64",
            "data": [
                [
                    [
                        4.049998887,
                        0.0,
                        0.0
                    ],
                    [
                        0.0404999889,
                        4.049796382,
                        0.0
                    ],
                    [
                        0.0,
                        0.0,
                        4.049998887
                    ]
                ],
                [
                    [
                        4.049998887,
                        0.0,
                        0.0
                    ],
                    [
                        0.0404999889,
                        4.049796382,
                        0.0
                    ],
                    [
                        0.0,
                        0.0,
                        4.049998887
                    ]
                ]
            ]
        },
        "coords": {
            "@module": "numpy",
            "@class": "array",
            "dtype": "float64",
            "data": [
                [
                    [
                        0.0,
                        0.0,
                        0.0
                    ],
                    [
                        2.0249994435,
                        0.0,
                        2.0249994435
                    ],
                    [
                        2.04524943795,
                        2.024898191,
                        0.0
                    ],
                    [
                        4.07024888145,
                        2.024898191,
                        2.0249994435
                    ]
                ],
                [
                    [
                        4.049998887,
                        0.0,
                        2.816203176065433e-17
                    ],
                    [
                        2.0249994435,
                        0.0,
                        2.0249994435
                    ],
                    [
                        2.04524943795,
                        2.024898191,
                        3.0881768013230315e-17
                    ],
                    [
                        4.07024888145,
                        2.024898191,
                        2.0249994435
                    ]
                ]
            ]
        },
        "energies": {
            "@module": "numpy",
            "@class": "array",
            "dtype": "float64",
            "data": [
                -13.439023,
                -13.439023
            ]
        },
        "forces": {
            "@module": "numpy",
            "@class": "array",
            "dtype": "float64",
            "data": [
                [
                    [
                        -1.65279e-10,
                        1.71928e-11,
                        1.0285e-16
                    ],
                    [
                        -1.65257e-10,
                        1.71922e-11,
                        -4.57494e-17
                    ],
                    [
                        1.65285e-10,
                        -1.71927e-11,
                        1.74709e-16
                    ],
                    [
                        1.65251e-10,
                        -1.71923e-11,
                        -2.31802e-16
                    ]
                ],
                [
                    [
                        -1.53501e-15,
                        1.80997e-15,
                        6.30193e-18
                    ],
                    [
                        7.35349e-15,
                        3.69496e-16,
                        -8.00141e-17
                    ],
                    [
                        1.47833e-14,
                        -1.43635e-15,
                        1.04727e-16
                    ],
                    [
                        -2.06016e-14,
                        -7.42462e-16,
                        -3.1015e-17
                    ]
                ]
            ]
        },
        "virials": {
            "@module": "numpy",
            "@class": "array",
            "dtype": "float64",
            "data": [
                [
                    [
                        0.0066004619578066285,
                        -0.18649415974503597,
                        1.4422217120938782e-16
                    ],
                    [
                        -0.18649415974503597,
                        0.010330531724128391,
                        -2.2272221270232714e-16
                    ],
                    [
                        1.4422217120938782e-16,
                        -2.2272221270232714e-16,
                        0.0006911685476677721
                    ]
                ],
                [
                    [
                        0.0066004619578066285,
                        -0.18649415974503597,
                        3.5730557360856537e-16
                    ],
                    [
                        -0.18649415974503597,
                        0.010330531724128391,
                        -5.5240095364782274e-17
                    ],
                    [
                        3.5730557360856537e-16,
                        -5.5240095364782274e-17,
                        0.0006911685476677721
                    ]
                ]
            ]
        },
        "stress": {
            "@module": "numpy",
            "@class": "array",
            "dtype": "float64",
            "data": [
                [
                    [
                        0.15919951000000002,
                        -4.498136499999999,
                        3.4785594e-15
                    ],
                    [
                        -4.498136499999999,
                        0.24916674,
                        -5.3719372e-15
                    ],
                    [
                        3.4785594e-15,
                        -5.3719372e-15,
                        0.016670604999999998
                    ]
                ],
                [
                    [
                        0.15919951000000002,
                        -4.498136499999999,
                        8.6180138e-15
                    ],
                    [
                        -4.498136499999999,
                        0.24916674,
                        -1.3323606999999999e-15
                    ],
                    [
                        8.6180138e-15,
                        -1.3323606999999999e-15,
                        0.016670604999999998
                    ]
                ]
            ]
        }
    }
}