{
    "@module": "dpdata.system",
    "@class": "LabeledSystem",
    "data": {
        "atom_numbs": [
            4
        ],
        "atom_names": [
            "Al"
        ],
        "atom_types": {
            "@module": "numpy",
            "@class": "array",
            "dtype": "int64",
            "data": [
                0,
                0,
                0,
                0
            ]
        },
        "orig": {
            "@module": "numpy",
            "@class": "array",
            "dtype": "int64",
            "data": [
                0,
                0,
                0
            ]
        },
        "cells": {
            "@module": "numpy",
            "@class": "array",
            "dtype": "float64",
            "data": [
                [
                    [
                        4.0981101103,
                        0.0,
                        0.0
                    ],
                    [
                        0.0,
                        4.0981101103,
                        0.0
                    ],
                    [
                        -0.0,
                        -0.0,
                        4.0981101103
                    ]
                ],
                [
                    [
                        4.0981101103,
                        0.0,
                        0.0
                    ],
                    [
                        0.0,
                        4.0981101103,
                        0.0
                    ],
                    [
                        -0.0,
                        -0.0,
                        4.0981101103
                    ]
                ]
            ]
        },
        "coords": {
            "@module": "numpy",
            "@class": "array",
            "dtype": "float64",
            "data": [
                [
                    [
                        0.0,
                        0.0,
                        0.0
                    ],
                    [
                        2.04905505515,
                        2.04905505515,
                        0.0
                    ],
                    [
                        0.0,
                        2.04905505515,
                        2.04905505515
                    ],
                    [
                        2.04905505515,
                        0.0,
                        2.04905505515
                    ]
                ],
                [
                    [
                        2.04905505515,
                        4.0981101103,
                        2.04905505515
                    ],
                    [
                        2.04905505515,
                        2.04905505515,
                        4.0981101103
                    ],
                    [
                        4.0981101103,
                        2.04905505515,
                        2.04905505515
                    ],
                    [
                        4.0981101103,
                        4.0981101103,
                        4.0981101103
                    ]
                ]
            ]
        },
        "energies": {
            "@module": "numpy",
            "@class": "array",
            "dtype": "float64",
            "data": [
                -13.404854,
                -13.404854
            ]
        },
        "forces": {
            "@module": "numpy",
            "@class": "array",
            "dtype": "float64",
            "data": [
                [
                    [
                        -1.87592e-10,
                        -1.87593e-10,
                        -1.87593e-10
                    ],
                    [
                        1.87592e-10,
                        1.87593e-10,
                        -1.87592e-10
                    ],
                    [
                        -1.87592e-10,
                        1.87592e-10,
                        1.87593e-10
                    ],
                    [
                        1.87592e-10,
                        -1.87592e-10,
                        1.87593e-10
                    ]
                ],
                [
                    [
                        1.76248e-15,
                        -1.51615e-15,
                        2.27596e-15
                    ],
                    [
                        1.75554e-15,
                        2.26208e-15,
                        -1.52656e-15
                    ],
                    [
                        -1.51962e-15,
                        1.75901e-15,
                        2.29677e-15
                    ],
                    [
                        -1.99146e-15,
                        -2.4928e-15,
                        -3.02536e-15
                    ]
                ]
            ]
        },
        "virials": {
            "@module": "numpy",
            "@class": "array",
            "dtype": "float64",
            "data": [
                [
                    [
                        -1.5182608609730528,
                        -1.075406488912408e-15,
                        -1.1279496616035347e-15
                    ],
                    [
                        -1.075406488912408e-15,
                        -1.5182608609730528,
                        -1.0938785775788583e-15
                    ],
                    [
                        -1.1279496616035347e-15,
                        -1.0938785775788583e-15,
                        -1.5182608609730528
                    ]
                ],
                [
                    [
                        -1.5182608609730528,
                        1.6118561218518025e-15,
                        1.4761411463988192e-15
                    ],
                    [
                        1.6118561218518025e-15,
                        -1.5182608609730528,
                        1.7427116853834972e-15
                    ],
                    [
                        1.4761411463988192e-15,
                        1.7427116853834972e-15,
                        -1.5182608609730528
                    ]
                ]
            ]
        },
        "stress": {
            "@module": "numpy",
            "@class": "array",
            "dtype": "float64",
            "data": [
                [
                    [
                        -35.343204,
                        -2.5034111e-14,
                        -2.625725e-14
                    ],
                    [
                        -2.5034111e-14,
                        -35.343204,
                        -2.5464118e-14
                    ],
                    [
                        -2.625725e-14,
                        -2.5464118e-14,
                        -35.343204
                    ]
                ],
                [
                    [
                        -35.343204,
                        3.7521984e-14,
                        3.4362709999999996e-14
                    ],
                    [
                        3.7521984e-14,
                        -35.343204,
                        4.0568137e-14
                    ],
                    [
                        3.4362709999999996e-14,
                        4.0568137e-14,
                        -35.343204
                    ]
                ]
            ]
        }
    }
}