{
    "@module": "dpdata.system",
    "@class": "LabeledSystem",
    "data": {
        "atom_numbs": [
            4
        ],
        "atom_names": [
            "Al"
        ],
        "atom_types": {
            "@module": "numpy",
            "@class": "array",
            "dtype": "int64",
            "data": [
                0,
                0,
                0,
                0
            ]
        },
        "orig": {
            "@module": "numpy",
            "@class": "array",
            "dtype": "int64",
            "data": [
                0,
                0,
                0
            ]
        },
        "cells": {
            "@module": "numpy",
            "@class": "array",
            "dtype": "float64",
            "data": [
                [
                    [
                        4.0319999997,
                        0.0,
                        0.0
                    ],
                    [
                        0.0,
                        4.0319999997,
                        0.0
                    ],
                    [
                        0.0,
                        0.0,
                        4.0521098501
                    ]
                ],
                [
                    [
                        4.0319999997,
                        0.0,
                        0.0
                    ],
                    [
                        0.0,
                        4.0319999997,
                        0.0
                    ],
                    [
                        0.0,
                        0.0,
                        4.0521098501
                    ]
                ]
            ]
        },
        "coords": {
            "@module": "numpy",
            "@class": "array",
            "dtype": "float64",
            "data": [
                [
                    [
                        0.0,
                        0.0,
                        0.0
                    ],
                    [
                        2.01599999985,
                        2.01599999985,
                        0.0
                    ],
                    [
                        0.0,
                        2.01599999985,
                        2.02605492505
                    ],
                    [
                        2.01599999985,
                        0.0,
                        2.02605492505
                    ]
                ],
                [
                    [
                        4.0319999997,
                        2.01599999985,
                        2.02605492505
                    ],
                    [
                        2.01599999985,
                        2.01599999985,
                        4.0521098501
                    ],
                    [
                        2.01599999985,
                        4.0319999997,
                        2.02605492505
                    ],
                    [
                        4.0319999997,
                        4.0319999997,
                        4.0521098501
                    ]
                ]
            ]
        },
        "energies": {
            "@module": "numpy",
            "@class": "array",
            "dtype": "float64",
            "data": [
                -13.442246,
                -13.442246
            ]
        },
        "forces": {
            "@module": "numpy",
            "@class": "array",
            "dtype": "float64",
            "data": [
                [
                    [
                        -2.27218e-10,
                        -2.27218e-10,
                        -2.25504e-10
                    ],
                    [
                        2.27218e-10,
                        2.27218e-10,
                        -2.25504e-10
                    ],
                    [
                        -2.27218e-10,
                        2.27218e-10,
                        2.25504e-10
                    ],
                    [
                        2.27218e-10,
                        -2.27218e-10,
                        2.25504e-10
                    ]
                ],
                [
                    [
                        5.66637e-13,
                        -5.66359e-13,
                        1.14091e-12
                    ],
                    [
                        -5.66644e-13,
                        -5.66047e-13,
                        -1.13997e-12
                    ],
                    [
                        -5.66325e-13,
                        5.66651e-13,
                        1.14088e-12
                    ],
                    [
                        5.66346e-13,
                        5.6573e-13,
                        -1.14184e-12
                    ]
                ]
            ]
        },
        "virials": {
            "@module": "numpy",
            "@class": "array",
            "dtype": "float64",
            "data": [
                [
                    [
                        -0.1405607836121245,
                        -9.550803979766018e-17,
                        7.135404818667569e-17
                    ],
                    [
                        -9.550803979766018e-17,
                        -0.1405607836121245,
                        -1.9535966616438853e-17
                    ],
                    [
                        7.135404818667569e-17,
                        -1.9535966616438853e-17,
                        -0.21304708683883164
                    ]
                ],
                [
                    [
                        -0.1405607836121245,
                        1.2524770233225267e-15,
                        2.207916570394004e-15
                    ],
                    [
                        1.2524770233225267e-15,
                        -0.1405607836121245,
                        1.990433311762081e-15
                    ],
                    [
                        2.207916570394004e-15,
                        1.990433311762081e-15,
                        -0.21304708683883164
                    ]
                ]
            ]
        },
        "stress": {
            "@module": "numpy",
            "@class": "array",
            "dtype": "float64",
            "data": [
                [
                    [
                        -3.4186316000000003,
                        -2.3228869e-15,
                        1.7354286e-15
                    ],
                    [
                        -2.3228869e-15,
                        -3.4186316000000003,
                        -4.7514158e-16
                    ],
                    [
                        1.7354286e-15,
                        -4.7514158e-16,
                        -5.181598200000001
                    ]
                ],
                [
                    [
                        -3.4186316000000003,
                        3.0461964000000003e-14,
                        5.3699568e-14
                    ],
                    [
                        3.0461964000000003e-14,
                        -3.4186316000000003,
                        4.8410076000000004e-14
                    ],
                    [
                        5.3699568e-14,
                        4.8410076000000004e-14,
                        -5.181598200000001
                    ]
                ]
            ]
        }
    }
}