{
    "@module": "dpdata.system",
    "@class": "LabeledSystem",
    "data": {
        "atom_numbs": [
            4
        ],
        "atom_names": [
            "Al"
        ],
        "atom_types": {
            "@module": "numpy",
            "@class": "array",
            "dtype": "int64",
            "data": [
                0,
                0,
                0,
                0
            ]
        },
        "orig": {
            "@module": "numpy",
            "@class": "array",
            "dtype": "int64",
            "data": [
                0,
                0,
                0
            ]
        },
        "cells": {
            "@module": "numpy",
            "@class": "array",
            "dtype": "float64",
            "data": [
                [
                    [
                        3.8928531984,
                        0.0,
                        0.0
                    ],
                    [
                        0.0,
                        3.8928531984,
                        0.0
                    ],
                    [
                        -0.0,
                        -0.0,
                        3.8928531984
                    ]
                ],
                [
                    [
                        3.8928531984,
                        0.0,
                        0.0
                    ],
                    [
                        0.0,
                        3.8928531984,
                        0.0
                    ],
                    [
                        -0.0,
                        -0.0,
                        3.8928531984
                    ]
                ]
            ]
        },
        "coords": {
            "@module": "numpy",
            "@class": "array",
            "dtype": "float64",
            "data": [
                [
                    [
                        0.0,
                        0.0,
                        0.0
                    ],
                    [
                        1.9464265992,
                        0.0,
                        1.9464265992
                    ],
                    [
                        1.9464265992,
                        1.9464265992,
                        0.0
                    ],
                    [
                        0.0,
                        1.9464265992,
                        1.9464265992
                    ]
                ],
                [
                    [
                        0.0,
                        0.0,
                        0.0
                    ],
                    [
                        1.9464265992,
                        0.0,
                        1.9464265992
                    ],
                    [
                        1.9464265992,
                        1.9464265992,
                        0.0
                    ],
                    [
                        0.0,
                        1.9464265992,
                        1.9464265992
                    ]
                ]
            ]
        },
        "energies": {
            "@module": "numpy",
            "@class": "array",
            "dtype": "float64",
            "data": [
                -13.238533,
                -13.238533
            ]
        },
        "forces": {
            "@module": "numpy",
            "@class": "array",
            "dtype": "float64",
            "data": [
                [
                    [
                        -5.55112e-17,
                        0.0,
                        -5.55112e-16
                    ],
                    [
                        6.245e-17,
                        -7.28584e-17,
                        -1.70003e-16
                    ],
                    [
                        6.93889e-18,
                        -1.00614e-16,
                        -1.14492e-16
                    ],
                    [
                        -5.55112e-17,
                        2.77556e-17,
                        -2.22045e-16
                    ]
                ],
                [
                    [
                        -5.55112e-17,
                        0.0,
                        -5.55112e-16
                    ],
                    [
                        6.245e-17,
                        -7.28584e-17,
                        -1.70003e-16
                    ],
                    [
                        6.93889e-18,
                        -1.00614e-16,
                        -1.14492e-16
                    ],
                    [
                        -5.55112e-17,
                        2.77556e-17,
                        -2.22045e-16
                    ]
                ]
            ]
        },
        "virials": {
            "@module": "numpy",
            "@class": "array",
            "dtype": "float64",
            "data": [
                [
                    [
                        4.062645400884744,
                        -3.7414119257285563e-16,
                        -3.995420120839209e-16
                    ],
                    [
                        -3.7414119257285563e-16,
                        4.062645400884744,
                        -3.2546391349222136e-16
                    ],
                    [
                        -3.995420120839209e-16,
                        -3.2546391349222136e-16,
                        4.062645400884744
                    ]
                ],
                [
                    [
                        4.062645400884744,
                        -3.7414119257285563e-16,
                        -3.995420120839209e-16
                    ],
                    [
                        -3.7414119257285563e-16,
                        4.062645400884744,
                        -3.2546391349222136e-16
                    ],
                    [
                        -3.995420120839209e-16,
                        -3.2546391349222136e-16,
                        4.062645400884744
                    ]
                ]
            ]
        },
        "stress": {
            "@module": "numpy",
            "@class": "array",
            "dtype": "float64",
            "data": [
                [
                    [
                        110.33549000000001,
                        -1.0161125999999999e-14,
                        -1.0850975e-14
                    ],
                    [
                        -1.0161125999999999e-14,
                        110.33549000000001,
                        -8.839122499999999e-15
                    ],
                    [
                        -1.0850975e-14,
                        -8.839122499999999e-15,
                        110.33549000000001
                    ]
                ],
                [
                    [
                        110.33549000000001,
                        -1.0161125999999999e-14,
                        -1.0850975e-14
                    ],
                    [
                        -1.0161125999999999e-14,
                        110.33549000000001,
                        -8.839122499999999e-15
                    ],
                    [
                        -1.0850975e-14,
                        -8.839122499999999e-15,
                        110.33549000000001
                    ]
                ]
            ]
        }
    }
}