{
    "@module": "dpdata.system",
    "@class": "LabeledSystem",
    "data": {
        "atom_numbs": [
            4
        ],
        "atom_names": [
            "Al"
        ],
        "atom_types": {
            "@module": "numpy",
            "@class": "array",
            "dtype": "int64",
            "data": [
                0,
                0,
                0,
                0
            ]
        },
        "orig": {
            "@module": "numpy",
            "@class": "array",
            "dtype": "int64",
            "data": [
                0,
                0,
                0
            ]
        },
        "cells": {
            "@module": "numpy",
            "@class": "array",
            "dtype": "float64",
            "data": [
                [
                    [
                        4.0319999997,
                        0.0,
                        0.0
                    ],
                    [
                        0.0,
                        4.0319999997,
                        0.0
                    ],
                    [
                        0.0,
                        -0.08064,
                        4.031193519
                    ]
                ],
                [
                    [
                        4.0319999997,
                        0.0,
                        0.0
                    ],
                    [
                        0.0,
                        4.0319999997,
                        0.0
                    ],
                    [
                        0.0,
                        -0.08064,
                        4.031193519
                    ]
                ]
            ]
        },
        "coords": {
            "@module": "numpy",
            "@class": "array",
            "dtype": "float64",
            "data": [
                [
                    [
                        0.0,
                        0.0,
                        0.0
                    ],
                    [
                        0.0,
                        1.97567999985,
                        2.0155967595
                    ],
                    [
                        2.01599999985,
                        2.01599999985,
                        0.0
                    ],
                    [
                        2.01599999985,
                        -0.04031999999999998,
                        2.0155967595
                    ]
                ],
                [
                    [
                        2.01599999985,
                        2.015999999849963,
                        1.8527204165583242e-12
                    ],
                    [
                        2.01599999985,
                        3.9916799997,
                        2.0155967595
                    ],
                    [
                        4.0319999997,
                        1.97567999985,
                        2.0155967595
                    ],
                    [
                        4.0319999997,
                        3.9513599997,
                        4.031193519
                    ]
                ]
            ]
        },
        "energies": {
            "@module": "numpy",
            "@class": "array",
            "dtype": "float64",
            "data": [
                -13.439163,
                -13.439163
            ]
        },
        "forces": {
            "@module": "numpy",
            "@class": "array",
            "dtype": "float64",
            "data": [
                [
                    [
                        -2.31336e-10,
                        -2.31657e-10,
                        -1.72258e-11
                    ],
                    [
                        -2.31336e-10,
                        2.31657e-10,
                        1.72258e-11
                    ],
                    [
                        2.31336e-10,
                        2.31658e-10,
                        1.72263e-11
                    ],
                    [
                        2.31336e-10,
                        -2.31658e-10,
                        -1.72262e-11
                    ]
                ],
                [
                    [
                        1.10564e-12,
                        -4.88414e-13,
                        -8.21774e-12
                    ],
                    [
                        1.1047e-12,
                        4.90447e-13,
                        8.21779e-12
                    ],
                    [
                        -1.1047e-12,
                        -4.87758e-13,
                        -8.21696e-12
                    ],
                    [
                        -1.10566e-12,
                        4.85637e-13,
                        8.21695e-12
                    ]
                ]
            ]
        },
        "virials": {
            "@module": "numpy",
            "@class": "array",
            "dtype": "float64",
            "data": [
                [
                    [
                        0.003331507687314485,
                        5.672049641987597e-18,
                        7.576200861252751e-17
                    ],
                    [
                        5.672049641987597e-18,
                        0.019341692539215423,
                        0.3613305838749842
                    ],
                    [
                        7.576200861252751e-17,
                        0.3613305838749842,
                        0.03379780746995584
                    ]
                ],
                [
                    [
                        0.003331507687314485,
                        4.1380775465970633e-16,
                        2.5605803889974697e-16
                    ],
                    [
                        4.1380775465970633e-16,
                        0.019341692539215423,
                        0.3613305838749842
                    ],
                    [
                        2.5605803889974697e-16,
                        0.3613305838749842,
                        0.03379780746995584
                    ]
                ]
            ]
        },
        "stress": {
            "@module": "numpy",
            "@class": "array",
            "dtype": "float64",
            "data": [
                [
                    [
                        0.08144726699999999,
                        1.3866783000000001e-16,
                        1.852197e-15
                    ],
                    [
                        1.3866783000000001e-16,
                        0.47285738,
                        8.833654699999999
                    ],
                    [
                        1.852197e-15,
                        8.833654699999999,
                        0.82627426
                    ]
                ],
                [
                    [
                        0.08144726699999999,
                        1.0116594e-14,
                        6.2599968000000005e-15
                    ],
                    [
                        1.0116594e-14,
                        0.47285738,
                        8.833654699999999
                    ],
                    [
                        6.2599968000000005e-15,
                        8.833654699999999,
                        0.82627426
                    ]
                ]
            ]
        }
    }
}