{
    "@module": "dpdata.system",
    "@class": "LabeledSystem",
    "data": {
        "atom_numbs": [
            4
        ],
        "atom_names": [
            "Al"
        ],
        "atom_types": {
            "@module": "numpy",
            "@class": "array",
            "dtype": "int64",
            "data": [
                0,
                0,
                0,
                0
            ]
        },
        "orig": {
            "@module": "numpy",
            "@class": "array",
            "dtype": "int64",
            "data": [
                0,
                0,
                0
            ]
        },
        "cells": {
            "@module": "numpy",
            "@class": "array",
            "dtype": "float64",
            "data": [
                [
                    [
                        4.4562045004,
                        0.0,
                        0.0
                    ],
                    [
                        0.0,
                        4.4562045004,
                        0.0
                    ],
                    [
                        -0.0,
                        -0.0,
                        4.4562045004
                    ]
                ],
                [
                    [
                        4.4562045004,
                        0.0,
                        0.0
                    ],
                    [
                        0.0,
                        4.4562045004,
                        0.0
                    ],
                    [
                        -0.0,
                        -0.0,
                        4.4562045004
                    ]
                ]
            ]
        },
        "coords": {
            "@module": "numpy",
            "@class": "array",
            "dtype": "float64",
            "data": [
                [
                    [
                        0.0,
                        0.0,
                        0.0
                    ],
                    [
                        2.2281022502,
                        0.0,
                        2.2281022502
                    ],
                    [
                        2.2281022502,
                        2.2281022502,
                        0.0
                    ],
                    [
                        0.0,
                        2.2281022502,
                        2.2281022502
                    ]
                ],
                [
                    [
                        0.0,
                        0.0,
                        0.0
                    ],
                    [
                        2.2281022502,
                        0.0,
                        2.2281022502
                    ],
                    [
                        2.2281022502,
                        2.2281022502,
                        0.0
                    ],
                    [
                        0.0,
                        2.2281022502,
                        2.2281022502
                    ]
                ]
            ]
        },
        "energies": {
            "@module": "numpy",
            "@class": "array",
            "dtype": "float64",
            "data": [
                -12.316364,
                -12.316364
            ]
        },
        "forces": {
            "@module": "numpy",
            "@class": "array",
            "dtype": "float64",
            "data": [
                [
                    [
                        5.55112e-17,
                        -5.55112e-17,
                        2.77556e-16
                    ],
                    [
                        -4.16334e-17,
                        5.37764e-17,
                        -6.76542e-17
                    ],
                    [
                        -4.16334e-17,
                        -5.72459e-17,
                        2.65413e-16
                    ],
                    [
                        5.55112e-17,
                        -5.55112e-17,
                        5.55112e-17
                    ]
                ],
                [
                    [
                        5.55112e-17,
                        -5.55112e-17,
                        2.77556e-16
                    ],
                    [
                        -4.16334e-17,
                        5.37764e-17,
                        -6.76542e-17
                    ],
                    [
                        -4.16334e-17,
                        -5.72459e-17,
                        2.65413e-16
                    ],
                    [
                        5.55112e-17,
                        -5.55112e-17,
                        5.55112e-17
                    ]
                ]
            ]
        },
        "virials": {
            "@module": "numpy",
            "@class": "array",
            "dtype": "float64",
            "data": [
                [
                    [
                        -6.443274337151283,
                        1.387778685355531e-16,
                        3.6082245598318773e-16
                    ],
                    [
                        1.387778685355531e-16,
                        -6.443274337151283,
                        6.097552610172312e-16
                    ],
                    [
                        3.6082245598318773e-16,
                        6.097552610172312e-16,
                        -6.443274337151283
                    ]
                ],
                [
                    [
                        -6.443274337151283,
                        1.387778685355531e-16,
                        3.6082245598318773e-16
                    ],
                    [
                        1.387778685355531e-16,
                        -6.443274337151283,
                        6.097552610172312e-16
                    ],
                    [
                        3.6082245598318773e-16,
                        6.097552610172312e-16,
                        -6.443274337151283
                    ]
                ]
            ]
        },
        "stress": {
            "@module": "numpy",
            "@class": "array",
            "dtype": "float64",
            "data": [
                [
                    [
                        -116.65992,
                        2.5126688999999997e-15,
                        6.5329391e-15
                    ],
                    [
                        2.5126688999999997e-15,
                        -116.65992,
                        1.1040039e-14
                    ],
                    [
                        6.5329391e-15,
                        1.1040039e-14,
                        -116.65992
                    ]
                ],
                [
                    [
                        -116.65992,
                        2.5126688999999997e-15,
                        6.5329391e-15
                    ],
                    [
                        2.5126688999999997e-15,
                        -116.65992,
                        1.1040039e-14
                    ],
                    [
                        6.5329391e-15,
                        1.1040039e-14,
                        -116.65992
                    ]
                ]
            ]
        }
    }
}