{
    "@module": "dpdata.system",
    "@class": "LabeledSystem",
    "data": {
        "atom_numbs": [
            4
        ],
        "atom_names": [
            "Al"
        ],
        "atom_types": {
            "@module": "numpy",
            "@class": "array",
            "dtype": "int64",
            "data": [
                0,
                0,
                0,
                0
            ]
        },
        "orig": {
            "@module": "numpy",
            "@class": "array",
            "dtype": "int64",
            "data": [
                0,
                0,
                0
            ]
        },
        "cells": {
            "@module": "numpy",
            "@class": "array",
            "dtype": "float64",
            "data": [
                [
                    [
                        4.0319999997,
                        0.0,
                        0.0
                    ],
                    [
                        0.0,
                        4.0319999997,
                        0.0
                    ],
                    [
                        0.0,
                        0.04032,
                        4.0317983946
                    ]
                ],
                [
                    [
                        4.0319999997,
                        0.0,
                        0.0
                    ],
                    [
                        0.0,
                        4.0319999997,
                        0.0
                    ],
                    [
                        0.0,
                        0.04032,
                        4.0317983946
                    ]
                ]
            ]
        },
        "coords": {
            "@module": "numpy",
            "@class": "array",
            "dtype": "float64",
            "data": [
                [
                    [
                        0.0,
                        0.0,
                        0.0
                    ],
                    [
                        0.0,
                        2.03615999985,
                        2.0158991973
                    ],
                    [
                        2.01599999985,
                        2.01599999985,
                        0.0
                    ],
                    [
                        2.01599999985,
                        0.02016,
                        2.0158991973
                    ]
                ],
                [
                    [
                        2.01599999985,
                        2.05631999985,
                        4.0317983946
                    ],
                    [
                        2.01599999985,
                        4.0521599997,
                        2.0158991973
                    ],
                    [
                        4.0319999997,
                        2.03615999985,
                        2.0158991973
                    ],
                    [
                        4.0319999997,
                        4.031999999700009,
                        9.287207283977154e-13
                    ]
                ]
            ]
        },
        "energies": {
            "@module": "numpy",
            "@class": "array",
            "dtype": "float64",
            "data": [
                -13.441875,
                -13.441875
            ]
        },
        "forces": {
            "@module": "numpy",
            "@class": "array",
            "dtype": "float64",
            "data": [
                [
                    [
                        -2.31339e-10,
                        -2.3142e-10,
                        8.60427e-12
                    ],
                    [
                        -2.3134e-10,
                        2.31419e-10,
                        -8.60427e-12
                    ],
                    [
                        2.31339e-10,
                        2.3142e-10,
                        -8.60424e-12
                    ],
                    [
                        2.3134e-10,
                        -2.3142e-10,
                        8.60425e-12
                    ]
                ],
                [
                    [
                        2.76008e-13,
                        -1.23275e-13,
                        4.11188e-12
                    ],
                    [
                        2.77514e-13,
                        1.24262e-13,
                        -4.10948e-12
                    ],
                    [
                        -2.76904e-13,
                        -1.28805e-13,
                        4.11267e-12
                    ],
                    [
                        -2.76626e-13,
                        1.27847e-13,
                        -4.1151e-12
                    ]
                ]
            ]
        },
        "virials": {
            "@module": "numpy",
            "@class": "array",
            "dtype": "float64",
            "data": [
                [
                    [
                        0.0008330244047069877,
                        3.1774781565295224e-16,
                        1.5235072059912676e-16
                    ],
                    [
                        3.1774781565295224e-16,
                        0.00483459144496739,
                        -0.1804200401800898
                    ],
                    [
                        1.5235072059912676e-16,
                        -0.1804200401800898,
                        0.008443173234402829
                    ]
                ],
                [
                    [
                        0.0008330244047069877,
                        1.984318125273608e-15,
                        2.3564608773107403e-15
                    ],
                    [
                        1.984318125273608e-15,
                        0.00483459144496739,
                        -0.1804200401800898
                    ],
                    [
                        2.3564608773107403e-15,
                        -0.1804200401800898,
                        0.008443173234402829
                    ]
                ]
            ]
        },
        "stress": {
            "@module": "numpy",
            "@class": "array",
            "dtype": "float64",
            "data": [
                [
                    [
                        0.020362367,
                        7.766996500000001e-15,
                        3.7240461e-15
                    ],
                    [
                        7.766996500000001e-15,
                        0.11817628000000001,
                        -4.410169799999999
                    ],
                    [
                        3.7240461e-15,
                        -4.410169799999999,
                        0.2063841
                    ]
                ],
                [
                    [
                        0.020362367,
                        4.8504478000000003e-14,
                        5.7601099e-14
                    ],
                    [
                        4.8504478000000003e-14,
                        0.11817628000000001,
                        -4.410169799999999
                    ],
                    [
                        5.7601099e-14,
                        -4.410169799999999,
                        0.2063841
                    ]
                ]
            ]
        }
    }
}