{
    "@module": "dpdata.system",
    "@class": "LabeledSystem",
    "data": {
        "atom_numbs": [
            4
        ],
        "atom_names": [
            "Al"
        ],
        "atom_types": {
            "@module": "numpy",
            "@class": "array",
            "dtype": "int64",
            "data": [
                0,
                0,
                0,
                0
            ]
        },
        "orig": {
            "@module": "numpy",
            "@class": "array",
            "dtype": "int64",
            "data": [
                0,
                0,
                0
            ]
        },
        "cells": {
            "@module": "numpy",
            "@class": "array",
            "dtype": "float64",
            "data": [
                [
                    [
                        4.0369359481,
                        0.0,
                        0.0
                    ],
                    [
                        0.0,
                        4.0369359481,
                        0.0
                    ],
                    [
                        0.0,
                        0.0,
                        4.0570704169
                    ]
                ],
                [
                    [
                        4.0369359481,
                        0.0,
                        0.0
                    ],
                    [
                        0.0,
                        4.0369359481,
                        0.0
                    ],
                    [
                        0.0,
                        0.0,
                        4.0570704169
                    ]
                ]
            ]
        },
        "coords": {
            "@module": "numpy",
            "@class": "array",
            "dtype": "float64",
            "data": [
                [
                    [
                        0.0,
                        0.0,
                        0.0
                    ],
                    [
                        2.01846797405,
                        0.0,
                        2.02853520845
                    ],
                    [
                        2.01846797405,
                        2.01846797405,
                        0.0
                    ],
                    [
                        0.0,
                        2.01846797405,
                        2.02853520845
                    ]
                ],
                [
                    [
                        2.50904046739906e-11,
                        2.50904046739906e-11,
                        2.481555805341888e-11
                    ],
                    [
                        2.01846797405,
                        2.5090364304631117e-11,
                        2.02853520845
                    ],
                    [
                        2.01846797405,
                        2.01846797405,
                        2.481555805341888e-11
                    ],
                    [
                        2.50904046739906e-11,
                        2.01846797405,
                        2.02853520845
                    ]
                ]
            ]
        },
        "energies": {
            "@module": "numpy",
            "@class": "array",
            "dtype": "float64",
            "data": [
                -14.983985,
                -14.983985
            ]
        },
        "forces": {
            "@module": "numpy",
            "@class": "array",
            "dtype": "float64",
            "data": [
                [
                    [
                        2.33638e-10,
                        2.33638e-10,
                        2.31079e-10
                    ],
                    [
                        -2.33638e-10,
                        2.33638e-10,
                        -2.31079e-10
                    ],
                    [
                        -2.33638e-10,
                        -2.33638e-10,
                        2.31079e-10
                    ],
                    [
                        2.33638e-10,
                        -2.33638e-10,
                        -2.31079e-10
                    ]
                ],
                [
                    [
                        -8.45976e-13,
                        -8.46028e-13,
                        1.70895e-12
                    ],
                    [
                        8.4599e-13,
                        -8.45664e-13,
                        -1.70915e-12
                    ],
                    [
                        8.45962e-13,
                        8.45757e-13,
                        1.70911e-12
                    ],
                    [
                        -8.45907e-13,
                        8.45911e-13,
                        -1.70905e-12
                    ]
                ]
            ]
        },
        "virials": {
            "@module": "numpy",
            "@class": "array",
            "dtype": "float64",
            "data": [
                [
                    [
                        -0.11873483650349485,
                        -2.0166158962571024e-17,
                        -1.603534894691698e-16
                    ],
                    [
                        -2.0166158962571024e-17,
                        -0.11873483650349485,
                        -8.939246145291207e-17
                    ],
                    [
                        -1.603534894691698e-16,
                        -8.939246145291207e-17,
                        -0.2431585206143709
                    ]
                ],
                [
                    [
                        -0.11873483650349485,
                        -4.159134640472081e-16,
                        4.803015259383367e-17
                    ],
                    [
                        -4.159134640472081e-16,
                        -0.11873483650349485,
                        -1.0907073218849368e-16
                    ],
                    [
                        4.803015259383367e-17,
                        -1.0907073218849368e-16,
                        -0.2431585206143709
                    ]
                ]
            ]
        },
        "stress": {
            "@module": "numpy",
            "@class": "array",
            "dtype": "float64",
            "data": [
                [
                    [
                        -2.8772148000000004,
                        -4.886718400000001e-16,
                        -3.8857292999999995e-15
                    ],
                    [
                        -4.886718400000001e-16,
                        -2.8772148000000004,
                        -2.1661824e-15
                    ],
                    [
                        -3.8857292999999995e-15,
                        -2.1661824e-15,
                        -5.8922833
                    ]
                ],
                [
                    [
                        -2.8772148000000004,
                        -1.0078528000000001e-14,
                        1.1638797e-15
                    ],
                    [
                        -1.0078528000000001e-14,
                        -2.8772148000000004,
                        -2.6430316e-15
                    ],
                    [
                        1.1638797e-15,
                        -2.6430316e-15,
                        -5.8922833
                    ]
                ]
            ]
        }
    }
}