{
    "@module": "dpdata.system",
    "@class": "LabeledSystem",
    "data": {
        "atom_numbs": [
            4
        ],
        "atom_names": [
            "Al"
        ],
        "atom_types": {
            "@module": "numpy",
            "@class": "array",
            "dtype": "int64",
            "data": [
                0,
                0,
                0,
                0
            ]
        },
        "orig": {
            "@module": "numpy",
            "@class": "array",
            "dtype": "int64",
            "data": [
                0,
                0,
                0
            ]
        },
        "cells": {
            "@module": "numpy",
            "@class": "array",
            "dtype": "float64",
            "data": [
                [
                    [
                        4.0369359481,
                        0.0,
                        0.0
                    ],
                    [
                        0.0,
                        4.0167005528,
                        0.0
                    ],
                    [
                        0.0,
                        0.0,
                        4.0369359481
                    ]
                ],
                [
                    [
                        4.0369359481,
                        0.0,
                        0.0
                    ],
                    [
                        0.0,
                        4.0167005528,
                        0.0
                    ],
                    [
                        0.0,
                        0.0,
                        4.0369359481
                    ]
                ]
            ]
        },
        "coords": {
            "@module": "numpy",
            "@class": "array",
            "dtype": "float64",
            "data": [
                [
                    [
                        0.0,
                        0.0,
                        0.0
                    ],
                    [
                        0.0,
                        2.0083502764,
                        2.01846797405
                    ],
                    [
                        2.01846797405,
                        2.0083502764,
                        0.0
                    ],
                    [
                        2.01846797405,
                        0.0,
                        2.01846797405
                    ]
                ],
                [
                    [
                        2.5000058047472124e-11,
                        0.0,
                        2.5000058047472124e-11
                    ],
                    [
                        2.5000058047472124e-11,
                        2.0083502764,
                        2.01846797405
                    ],
                    [
                        2.01846797405,
                        2.0083502764,
                        2.5000058047472124e-11
                    ],
                    [
                        2.01846797405,
                        0.0,
                        2.01846797405
                    ]
                ]
            ]
        },
        "energies": {
            "@module": "numpy",
            "@class": "array",
            "dtype": "float64",
            "data": [
                -14.983966,
                -14.983966
            ]
        },
        "forces": {
            "@module": "numpy",
            "@class": "array",
            "dtype": "float64",
            "data": [
                [
                    [
                        2.40252e-10,
                        -4.33681e-19,
                        2.40252e-10
                    ],
                    [
                        2.40252e-10,
                        5.15674e-18,
                        -2.40252e-10
                    ],
                    [
                        -2.40252e-10,
                        3.38813e-20,
                        2.40252e-10
                    ],
                    [
                        -2.40252e-10,
                        -1.71101e-17,
                        -2.40252e-10
                    ]
                ],
                [
                    [
                        -1.80411e-16,
                        1.88787e-17,
                        -1.24266e-16
                    ],
                    [
                        -3.88578e-16,
                        -2.93819e-17,
                        2.53325e-16
                    ],
                    [
                        2.91434e-16,
                        -1.0327e-17,
                        -3.35579e-16
                    ],
                    [
                        2.77556e-16,
                        2.75523e-17,
                        2.28461e-16
                    ]
                ]
            ]
        },
        "virials": {
            "@module": "numpy",
            "@class": "array",
            "dtype": "float64",
            "data": [
                [
                    [
                        0.12364312767347374,
                        -6.1799519629748694e-18,
                        -1.5504089739997864e-17
                    ],
                    [
                        -6.1799519629748694e-18,
                        0.2498300804314423,
                        -2.7647153110005256e-18
                    ],
                    [
                        -1.5504089739997864e-17,
                        -2.7647153110005256e-18,
                        0.12364312767347374
                    ]
                ],
                [
                    [
                        0.12364312767347374,
                        -3.697129129559478e-17,
                        2.6031692091792725e-16
                    ],
                    [
                        -3.697129129559478e-17,
                        0.2498300804314423,
                        -4.803015352015655e-17
                    ],
                    [
                        2.6031692091792725e-16,
                        -4.803015352015655e-17,
                        0.12364312767347374
                    ]
                ]
            ]
        },
        "stress": {
            "@module": "numpy",
            "@class": "array",
            "dtype": "float64",
            "data": [
                [
                    [
                        3.0262667000000003,
                        -1.5125937999999998e-16,
                        -3.7947528e-16
                    ],
                    [
                        -1.5125937999999998e-16,
                        6.114795600000001,
                        -6.7668669e-17
                    ],
                    [
                        -3.7947528e-16,
                        -6.7668669e-17,
                        3.0262667000000003
                    ]
                ],
                [
                    [
                        3.0262667000000003,
                        -9.049026e-16,
                        6.3714696e-15
                    ],
                    [
                        -9.049026e-16,
                        6.114795600000001,
                        -1.1755773e-15
                    ],
                    [
                        6.3714696e-15,
                        -1.1755773e-15,
                        3.0262667000000003
                    ]
                ]
            ]
        }
    }
}