{
    "@module": "dpdata.system",
    "@class": "LabeledSystem",
    "data": {
        "atom_numbs": [
            4
        ],
        "atom_names": [
            "Al"
        ],
        "atom_types": {
            "@module": "numpy",
            "@class": "array",
            "dtype": "int64",
            "data": [
                0,
                0,
                0,
                0
            ]
        },
        "orig": {
            "@module": "numpy",
            "@class": "array",
            "dtype": "int64",
            "data": [
                0,
                0,
                0
            ]
        },
        "cells": {
            "@module": "numpy",
            "@class": "array",
            "dtype": "float64",
            "data": [
                [
                    [
                        3.496951784,
                        0.0,
                        0.0
                    ],
                    [
                        -0.0,
                        3.496951784,
                        0.0
                    ],
                    [
                        -0.0,
                        -0.0,
                        3.496951784
                    ]
                ],
                [
                    [
                        3.496951784,
                        0.0,
                        0.0
                    ],
                    [
                        -0.0,
                        3.496951784,
                        0.0
                    ],
                    [
                        -0.0,
                        -0.0,
                        3.496951784
                    ]
                ]
            ]
        },
        "coords": {
            "@module": "numpy",
            "@class": "array",
            "dtype": "float64",
            "data": [
                [
                    [
                        0.0,
                        0.0,
                        0.0
                    ],
                    [
                        1.748475892,
                        1.748475892,
                        0.0
                    ],
                    [
                        0.0,
                        1.748475892,
                        1.748475892
                    ],
                    [
                        1.748475892,
                        0.0,
                        1.748475892
                    ]
                ],
                [
                    [
                        1.748475892,
                        3.496951784,
                        1.748475892
                    ],
                    [
                        1.748475892,
                        1.748475892,
                        3.496951784
                    ],
                    [
                        3.496951784,
                        1.748475892,
                        1.748475892
                    ],
                    [
                        3.496951784,
                        3.496951784,
                        3.496951784
                    ]
                ]
            ]
        },
        "energies": {
            "@module": "numpy",
            "@class": "array",
            "dtype": "float64",
            "data": [
                -11.507852,
                -11.507852
            ]
        },
        "forces": {
            "@module": "numpy",
            "@class": "array",
            "dtype": "float64",
            "data": [
                [
                    [
                        -1.06581e-14,
                        -1.03569e-14,
                        -1.06255e-14
                    ],
                    [
                        1.04361e-14,
                        1.02672e-14,
                        -1.04797e-14
                    ],
                    [
                        -1.06581e-14,
                        9.85746e-15,
                        1.04235e-14
                    ],
                    [
                        1.06581e-14,
                        -1.00206e-14,
                        1.06e-14
                    ]
                ],
                [
                    [
                        -1.08802e-14,
                        1.03139e-14,
                        -1.07495e-14
                    ],
                    [
                        -1.08802e-14,
                        -1.01466e-14,
                        1.10297e-14
                    ],
                    [
                        1.06581e-14,
                        -1.04065e-14,
                        -1.06139e-14
                    ],
                    [
                        1.04361e-14,
                        1.0672e-14,
                        1.05275e-14
                    ]
                ]
            ]
        },
        "virials": {
            "@module": "numpy",
            "@class": "array",
            "dtype": "float64",
            "data": [
                [
                    [
                        10.21578742157873,
                        -6.342294109950016e-16,
                        -8.914241848513193e-16
                    ],
                    [
                        -6.342294109950016e-16,
                        10.21578742157873,
                        -1.2568883880214756e-15
                    ],
                    [
                        -8.914241848513193e-16,
                        -1.2568883880214756e-15,
                        10.21578742157873
                    ]
                ],
                [
                    [
                        10.21578742157873,
                        2.296306148127379e-17,
                        -3.035393127420129e-16
                    ],
                    [
                        2.296306148127379e-17,
                        10.21578742157873,
                        6.45733812387813e-16
                    ],
                    [
                        -3.035393127420129e-16,
                        6.45733812387813e-16,
                        10.21578742157873
                    ]
                ]
            ]
        },
        "stress": {
            "@module": "numpy",
            "@class": "array",
            "dtype": "float64",
            "data": [
                [
                    [
                        382.74833,
                        -2.3762265e-14,
                        -3.3398415999999996e-14
                    ],
                    [
                        -2.3762265e-14,
                        382.74833,
                        -4.7091028e-14
                    ],
                    [
                        -3.3398415999999996e-14,
                        -4.7091028e-14,
                        382.74833
                    ]
                ],
                [
                    [
                        382.74833,
                        8.603422400000001e-16,
                        -1.1372511999999999e-14
                    ],
                    [
                        8.603422400000001e-16,
                        382.74833,
                        2.4193293e-14
                    ],
                    [
                        -1.1372511999999999e-14,
                        2.4193293e-14,
                        382.74833
                    ]
                ]
            ]
        }
    }
}