{
    "@module": "dpdata.system",
    "@class": "LabeledSystem",
    "data": {
        "atom_numbs": [
            4
        ],
        "atom_names": [
            "Al"
        ],
        "atom_types": {
            "@module": "numpy",
            "@class": "array",
            "dtype": "int64",
            "data": [
                0,
                0,
                0,
                0
            ]
        },
        "orig": {
            "@module": "numpy",
            "@class": "array",
            "dtype": "int64",
            "data": [
                0,
                0,
                0
            ]
        },
        "cells": {
            "@module": "numpy",
            "@class": "array",
            "dtype": "float64",
            "data": [
                [
                    [
                        4.049998887,
                        0.0,
                        0.0
                    ],
                    [
                        -0.0404999889,
                        4.049796382,
                        0.0
                    ],
                    [
                        0.0,
                        0.0,
                        4.049998887
                    ]
                ],
                [
                    [
                        4.049998887,
                        0.0,
                        0.0
                    ],
                    [
                        -0.0404999889,
                        4.049796382,
                        0.0
                    ],
                    [
                        0.0,
                        0.0,
                        4.049998887
                    ]
                ]
            ]
        },
        "coords": {
            "@module": "numpy",
            "@class": "array",
            "dtype": "float64",
            "data": [
                [
                    [
                        0.0,
                        0.0,
                        0.0
                    ],
                    [
                        2.0249994435,
                        0.0,
                        2.0249994435
                    ],
                    [
                        2.00474944905,
                        2.024898191,
                        0.0
                    ],
                    [
                        -0.02024999439999993,
                        2.024898191,
                        2.0249994435
                    ]
                ],
                [
                    [
                        2.5000319129540042e-11,
                        0.0,
                        0.0
                    ],
                    [
                        2.0249994435,
                        0.0,
                        2.0249994435
                    ],
                    [
                        2.00474944905,
                        2.024898191,
                        0.0
                    ],
                    [
                        -0.020249994425000896,
                        2.024898191,
                        2.0249994435
                    ]
                ]
            ]
        },
        "energies": {
            "@module": "numpy",
            "@class": "array",
            "dtype": "float64",
            "data": [
                -13.439023,
                -13.439023
            ]
        },
        "forces": {
            "@module": "numpy",
            "@class": "array",
            "dtype": "float64",
            "data": [
                [
                    [
                        1.65271e-10,
                        1.71896e-11,
                        -3.04122e-16
                    ],
                    [
                        1.65268e-10,
                        1.71883e-11,
                        3.78471e-16
                    ],
                    [
                        -1.65271e-10,
                        -1.71897e-11,
                        -7.78339e-16
                    ],
                    [
                        -1.65267e-10,
                        -1.71882e-11,
                        7.03989e-16
                    ]
                ],
                [
                    [
                        -3.16587e-15,
                        -5.77663e-16,
                        2.01035e-16
                    ],
                    [
                        -2.6628e-15,
                        -2.46157e-15,
                        -7.24606e-16
                    ],
                    [
                        2.42341e-15,
                        8.43076e-16,
                        -7.00645e-16
                    ],
                    [
                        3.40006e-15,
                        2.19616e-15,
                        1.2242e-15
                    ]
                ]
            ]
        },
        "virials": {
            "@module": "numpy",
            "@class": "array",
            "dtype": "float64",
            "data": [
                [
                    [
                        0.0066004619578066285,
                        0.18649415974503597,
                        -2.741898380796413e-17
                    ],
                    [
                        0.18649415974503597,
                        0.010330531724128391,
                        1.161722526078335e-16
                    ],
                    [
                        -2.741898380796413e-17,
                        1.161722526078335e-16,
                        0.0006911685476677721
                    ]
                ],
                [
                    [
                        0.0066004619578066285,
                        0.18649415974503597,
                        6.774771075852838e-16
                    ],
                    [
                        0.18649415974503597,
                        0.010330531724128391,
                        6.371720005766238e-17
                    ],
                    [
                        6.774771075852838e-16,
                        6.371720005766238e-17,
                        0.0006911685476677721
                    ]
                ]
            ]
        },
        "stress": {
            "@module": "numpy",
            "@class": "array",
            "dtype": "float64",
            "data": [
                [
                    [
                        0.15919951000000002,
                        4.498136499999999,
                        -6.613308e-16
                    ],
                    [
                        4.498136499999999,
                        0.24916674,
                        2.8020108000000002e-15
                    ],
                    [
                        -6.613308e-16,
                        2.8020108000000002e-15,
                        0.016670604999999998
                    ]
                ],
                [
                    [
                        0.15919951000000002,
                        4.498136499999999,
                        1.6340374999999998e-14
                    ],
                    [
                        4.498136499999999,
                        0.24916674,
                        1.5368238e-15
                    ],
                    [
                        1.6340374999999998e-14,
                        1.5368238e-15,
                        0.016670604999999998
                    ]
                ]
            ]
        }
    }
}