{
    "@module": "dpdata.system",
    "@class": "LabeledSystem",
    "data": {
        "atom_numbs": [
            4
        ],
        "atom_names": [
            "Al"
        ],
        "atom_types": {
            "@module": "numpy",
            "@class": "array",
            "dtype": "int64",
            "data": [
                0,
                0,
                0,
                0
            ]
        },
        "orig": {
            "@module": "numpy",
            "@class": "array",
            "dtype": "int64",
            "data": [
                0,
                0,
                0
            ]
        },
        "cells": {
            "@module": "numpy",
            "@class": "array",
            "dtype": "float64",
            "data": [
                [
                    [
                        4.3433403347,
                        0.0,
                        0.0
                    ],
                    [
                        0.0,
                        4.3433403347,
                        0.0
                    ],
                    [
                        -0.0,
                        -0.0,
                        4.3433403347
                    ]
                ],
                [
                    [
                        4.3433403347,
                        0.0,
                        0.0
                    ],
                    [
                        0.0,
                        4.3433403347,
                        0.0
                    ],
                    [
                        -0.0,
                        -0.0,
                        4.3433403347
                    ]
                ]
            ]
        },
        "coords": {
            "@module": "numpy",
            "@class": "array",
            "dtype": "float64",
            "data": [
                [
                    [
                        0.0,
                        0.0,
                        0.0
                    ],
                    [
                        2.17167016735,
                        2.17167016735,
                        0.0
                    ],
                    [
                        0.0,
                        2.17167016735,
                        2.17167016735
                    ],
                    [
                        2.17167016735,
                        0.0,
                        2.17167016735
                    ]
                ],
                [
                    [
                        4.3433403347,
                        2.17167016735,
                        2.17167016735
                    ],
                    [
                        2.17167016735,
                        2.17167016735,
                        4.3433403347
                    ],
                    [
                        2.17167016735,
                        4.3433403347,
                        2.17167016735
                    ],
                    [
                        4.3433403347,
                        4.3433403347,
                        4.3433403347
                    ]
                ]
            ]
        },
        "energies": {
            "@module": "numpy",
            "@class": "array",
            "dtype": "float64",
            "data": [
                -12.772472,
                -12.772472
            ]
        },
        "forces": {
            "@module": "numpy",
            "@class": "array",
            "dtype": "float64",
            "data": [
                [
                    [
                        -6.96724e-11,
                        -6.96724e-11,
                        -6.96726e-11
                    ],
                    [
                        6.96724e-11,
                        6.96725e-11,
                        -6.96723e-11
                    ],
                    [
                        -6.96725e-11,
                        6.96724e-11,
                        6.96724e-11
                    ],
                    [
                        6.96724e-11,
                        -6.96724e-11,
                        6.96725e-11
                    ]
                ],
                [
                    [
                        5.6205e-16,
                        -6.27103e-16,
                        -7.56339e-16
                    ],
                    [
                        -6.10623e-16,
                        -6.245e-16,
                        6.10623e-16
                    ],
                    [
                        -5.55112e-16,
                        6.245e-16,
                        -8.32667e-16
                    ],
                    [
                        6.17562e-16,
                        5.99347e-16,
                        6.10623e-16
                    ]
                ]
            ]
        },
        "virials": {
            "@module": "numpy",
            "@class": "array",
            "dtype": "float64",
            "data": [
                [
                    [
                        -5.36011346299372,
                        8.34169835285876e-16,
                        6.861448941720331e-16
                    ],
                    [
                        8.34169835285876e-16,
                        -5.36011346299372,
                        5.818607582898503e-17
                    ],
                    [
                        6.861448941720331e-16,
                        5.818607582898503e-17,
                        -5.36011346299372
                    ]
                ],
                [
                    [
                        -5.36011346299372,
                        -4.1199679409808985e-17,
                        -1.4594139298210618e-15
                    ],
                    [
                        -4.1199679409808985e-17,
                        -5.36011346299372,
                        -1.1774724126205996e-15
                    ],
                    [
                        -1.4594139298210618e-15,
                        -1.1774724126205996e-15,
                        -5.36011346299372
                    ]
                ]
            ]
        },
        "stress": {
            "@module": "numpy",
            "@class": "array",
            "dtype": "float64",
            "data": [
                [
                    [
                        -104.81242999999999,
                        1.6311476999999998e-14,
                        1.3416976e-14
                    ],
                    [
                        1.6311476999999998e-14,
                        -104.81242999999999,
                        1.1377789e-15
                    ],
                    [
                        1.3416976e-14,
                        1.1377789e-15,
                        -104.81242999999999
                    ]
                ],
                [
                    [
                        -104.81242999999999,
                        -8.0562445999999995e-16,
                        -2.853759e-14
                    ],
                    [
                        -8.0562445999999995e-16,
                        -104.81242999999999,
                        -2.3024465e-14
                    ],
                    [
                        -2.853759e-14,
                        -2.3024465e-14,
                        -104.81242999999999
                    ]
                ]
            ]
        }
    }
}