{
    "@module": "dpdata.system",
    "@class": "LabeledSystem",
    "data": {
        "atom_numbs": [
            4
        ],
        "atom_names": [
            "Al"
        ],
        "atom_types": {
            "@module": "numpy",
            "@class": "array",
            "dtype": "int64",
            "data": [
                0,
                0,
                0,
                0
            ]
        },
        "orig": {
            "@module": "numpy",
            "@class": "array",
            "dtype": "int64",
            "data": [
                0,
                0,
                0
            ]
        },
        "cells": {
            "@module": "numpy",
            "@class": "array",
            "dtype": "float64",
            "data": [
                [
                    [
                        4.0389296932,
                        0.0,
                        0.0
                    ],
                    [
                        -0.0,
                        4.0389296932,
                        0.0
                    ],
                    [
                        0.0,
                        0.0,
                        4.0389296932
                    ]
                ],
                [
                    [
                        4.031999999652616,
                        0.0,
                        0.0
                    ],
                    [
                        -0.0,
                        4.031999999652616,
                        0.0
                    ],
                    [
                        0.0,
                        0.0,
                        4.031999999652616
                    ]
                ],
                [
                    [
                        4.031999999652209,
                        0.0,
                        0.0
                    ],
                    [
                        -0.0,
                        4.031999999652209,
                        0.0
                    ],
                    [
                        0.0,
                        0.0,
                        4.031999999652209
                    ]
                ],
                [
                    [
                        4.031999999652211,
                        0.0,
                        0.0
                    ],
                    [
                        1.4483567325872354e-18,
                        4.031999999652211,
                        0.0
                    ],
                    [
                        -5.217436061837145e-18,
                        -8.00411260002973e-18,
                        4.031999999652211
                    ]
                ]
            ]
        },
        "coords": {
            "@module": "numpy",
            "@class": "array",
            "dtype": "float64",
            "data": [
                [
                    [
                        0.0,
                        0.0,
                        0.0
                    ],
                    [
                        0.0,
                        2.0194648466,
                        2.0194648466
                    ],
                    [
                        2.0194648466,
                        2.0194648466,
                        0.0
                    ],
                    [
                        2.0194648466,
                        0.0,
                        2.0194648466
                    ]
                ],
                [
                    [
                        0.0,
                        0.0,
                        0.0
                    ],
                    [
                        0.0,
                        2.015999999826308,
                        2.015999999826308
                    ],
                    [
                        2.015999999826308,
                        2.015999999826308,
                        0.0
                    ],
                    [
                        2.015999999826308,
                        0.0,
                        2.015999999826308
                    ]
                ],
                [
                    [
                        0.0,
                        4.336819199625916e-19,
                        4.336819199625916e-19
                    ],
                    [
                        0.0,
                        2.0159999998261044,
                        2.0159999998261044
                    ],
                    [
                        2.0159999998261044,
                        2.0159999998261044,
                        4.336819199625916e-19
                    ],
                    [
                        2.0159999998261044,
                        0.0,
                        2.0159999998261044
                    ]
                ],
                [
                    [
                        -7.006890890979566e-43,
                        4.336819199625918e-19,
                        4.336819199625918e-19
                    ],
                    [
                        -1.7347234470378777e-18,
                        2.0159999998261053,
                        2.0159999998261053
                    ],
                    [
                        2.0159999998261053,
                        2.0159999998261053,
                        0.0
                    ],
                    [
                        2.0159999998261053,
                        -3.9031279544233985e-18,
                        2.0159999998261053
                    ]
                ]
            ]
        },
        "energies": {
            "@module": "numpy",
            "@class": "array",
            "dtype": "float64",
            "data": [
                -13.442336,
                -13.442777,
                -13.442777,
                -13.442777
            ]
        },
        "forces": {
            "@module": "numpy",
            "@class": "array",
            "dtype": "float64",
            "data": [
                [
                    [
                        -6.93889e-18,
                        4.16334e-17,
                        7.97973e-17
                    ],
                    [
                        3.46945e-18,
                        0.0,
                        -2.42861e-17
                    ],
                    [
                        6.93889e-18,
                        1.38778e-17,
                        5.89806e-17
                    ],
                    [
                        0.0,
                        1.38778e-17,
                        -1.73472e-17
                    ]
                ],
                [
                    [
                        0.0,
                        5.55112e-17,
                        4.85723e-17
                    ],
                    [
                        6.93889e-18,
                        -1.38778e-17,
                        2.42861e-17
                    ],
                    [
                        -6.93889e-18,
                        -2.77556e-17,
                        3.81639e-17
                    ],
                    [
                        6.93889e-18,
                        -1.38778e-17,
                        6.93889e-18
                    ]
                ],
                [
                    [
                        6.93889e-18,
                        0.0,
                        -2.08167e-17
                    ],
                    [
                        -1.38778e-17,
                        0.0,
                        -2.94903e-17
                    ],
                    [
                        6.93889e-18,
                        -2.77556e-17,
                        -4.51028e-17
                    ],
                    [
                        0.0,
                        1.38778e-17,
                        -2.77556e-17
                    ]
                ],
                [
                    [
                        0.0,
                        0.0,
                        6.245e-17
                    ],
                    [
                        6.93889e-18,
                        -2.77556e-17,
                        -2.77556e-17
                    ],
                    [
                        -6.93889e-18,
                        -2.60209e-18,
                        5.55112e-17
                    ],
                    [
                        0.0,
                        1.38778e-17,
                        -2.08167e-17
                    ]
                ]
            ]
        },
        "virials": {
            "@module": "numpy",
            "@class": "array",
            "dtype": "float64",
            "data": [
                [
                    [
                        -0.17067568856373436,
                        1.561250998629566e-17,
                        1.0675324844285833e-16
                    ],
                    [
                        1.561250998629566e-17,
                        -0.17067568856373436,
                        -5.873664993273432e-17
                    ],
                    [
                        1.0675324844285833e-16,
                        -5.873664993273432e-17,
                        -0.17067568856373436
                    ]
                ],
                [
                    [
                        -1.0085736556249075e-11,
                        -9.868610609911732e-17,
                        2.9878355547783297e-16
                    ],
                    [
                        -9.868610609911732e-17,
                        -1.0085836381636962e-11,
                        9.177770649531288e-17
                    ],
                    [
                        2.9878355547783297e-16,
                        9.177770649531288e-17,
                        -1.0085325799325154e-11
                    ]
                ],
                [
                    [
                        2.4303234461702898e-14,
                        3.5951463763721526e-17,
                        -1.2950847106453292e-16
                    ],
                    [
                        3.5951463763721526e-17,
                        2.4485428477327747e-14,
                        -1.9868003115079058e-16
                    ],
                    [
                        -1.2950847106453292e-16,
                        -1.9868003115079058e-16,
                        2.39016418356846e-14
                    ]
                ],
                [
                    [
                        -7.748501429816262e-15,
                        -3.604973613040872e-17,
                        4.202119428129845e-17
                    ],
                    [
                        -3.604973613040872e-17,
                        -7.96414185982808e-15,
                        -6.707822988470646e-17
                    ],
                    [
                        4.202119428129845e-17,
                        -6.707822988470646e-17,
                        -7.062899029336481e-15
                    ]
                ]
            ]
        },
        "stress": {
            "@module": "numpy",
            "@class": "array",
            "dtype": "float64",
            "data": [
                [
                    [
                        -4.150335200000001,
                        3.7965073000000003e-16,
                        2.5959278000000004e-15
                    ],
                    [
                        3.7965073000000003e-16,
                        -4.150335200000001,
                        -1.4283041e-15
                    ],
                    [
                        2.5959278000000004e-15,
                        -1.4283041e-15,
                        -4.150335200000001
                    ]
                ],
                [
                    [
                        -2.4652243e-10,
                        -2.4121529000000002e-15,
                        7.3030708e-15
                    ],
                    [
                        -2.4121529000000002e-15,
                        -2.4652486999999997e-10,
                        2.2432931e-15
                    ],
                    [
                        7.3030708e-15,
                        2.2432931e-15,
                        -2.4651239e-10
                    ]
                ],
                [
                    [
                        5.9403618e-13,
                        8.7875012e-16,
                        -3.1655341e-15
                    ],
                    [
                        8.7875012e-16,
                        5.984894899999999e-13,
                        -4.8562724e-15
                    ],
                    [
                        -3.1655341e-15,
                        -4.8562724e-15,
                        5.8422018e-13
                    ]
                ],
                [
                    [
                        -1.8939414e-13,
                        -8.811521599999999e-16,
                        1.0271106e-15
                    ],
                    [
                        -8.811521599999999e-16,
                        -1.9466497e-13,
                        -1.6395717e-15
                    ],
                    [
                        1.0271106e-15,
                        -1.6395717e-15,
                        -1.7263618e-13
                    ]
                ]
            ]
        }
    }
}