{
    "@module": "dpdata.system",
    "@class": "LabeledSystem",
    "data": {
        "atom_numbs": [
            4
        ],
        "atom_names": [
            "Al"
        ],
        "atom_types": {
            "@module": "numpy",
            "@class": "array",
            "dtype": "int64",
            "data": [
                0,
                0,
                0,
                0
            ]
        },
        "orig": {
            "@module": "numpy",
            "@class": "array",
            "dtype": "int64",
            "data": [
                0,
                0,
                0
            ]
        },
        "cells": {
            "@module": "numpy",
            "@class": "array",
            "dtype": "float64",
            "data": [
                [
                    [
                        4.3627290483,
                        0.0,
                        0.0
                    ],
                    [
                        0.0,
                        4.3627290483,
                        0.0
                    ],
                    [
                        0.0,
                        0.0,
                        4.3627290483
                    ]
                ],
                [
                    [
                        4.3627290483,
                        0.0,
                        0.0
                    ],
                    [
                        0.0,
                        4.3627290483,
                        0.0
                    ],
                    [
                        0.0,
                        0.0,
                        4.3627290483
                    ]
                ]
            ]
        },
        "coords": {
            "@module": "numpy",
            "@class": "array",
            "dtype": "float64",
            "data": [
                [
                    [
                        0.0,
                        0.0,
                        0.0
                    ],
                    [
                        2.18136452415,
                        0.0,
                        2.18136452415
                    ],
                    [
                        2.18136452415,
                        2.18136452415,
                        0.0
                    ],
                    [
                        0.0,
                        2.18136452415,
                        2.18136452415
                    ]
                ],
                [
                    [
                        2.500000802921639e-11,
                        2.500000802921639e-11,
                        2.500000802921639e-11
                    ],
                    [
                        2.18136452415,
                        2.5000051656506874e-11,
                        2.18136452415
                    ],
                    [
                        2.18136452415,
                        2.18136452415,
                        2.500000802921639e-11
                    ],
                    [
                        2.500000802921639e-11,
                        2.18136452415,
                        2.18136452415
                    ]
                ]
            ]
        },
        "energies": {
            "@module": "numpy",
            "@class": "array",
            "dtype": "float64",
            "data": [
                -12.908963,
                -12.908963
            ]
        },
        "forces": {
            "@module": "numpy",
            "@class": "array",
            "dtype": "float64",
            "data": [
                [
                    [
                        2.74543e-10,
                        2.74543e-10,
                        2.74543e-10
                    ],
                    [
                        -2.74543e-10,
                        2.74543e-10,
                        -2.74543e-10
                    ],
                    [
                        -2.74543e-10,
                        -2.74543e-10,
                        2.74543e-10
                    ],
                    [
                        2.74543e-10,
                        -2.74543e-10,
                        -2.74543e-10
                    ]
                ],
                [
                    [
                        -3.83027e-15,
                        -3.35842e-15,
                        -3.20577e-15
                    ],
                    [
                        3.77476e-15,
                        -3.45557e-15,
                        3.02536e-15
                    ],
                    [
                        3.73312e-15,
                        3.3112e-15,
                        -2.88658e-15
                    ],
                    [
                        -3.747e-15,
                        3.48332e-15,
                        2.9976e-15
                    ]
                ]
            ]
        },
        "virials": {
            "@module": "numpy",
            "@class": "array",
            "dtype": "float64",
            "data": [
                [
                    [
                        -3.755164969258294,
                        -1.2924696311383218e-26,
                        -8.326671823494206e-17
                    ],
                    [
                        -1.2924696311383218e-26,
                        -3.755164969258294,
                        -1.1102229443512181e-16
                    ],
                    [
                        -8.326671823494206e-17,
                        -1.1102229443512181e-16,
                        -3.755164969258294
                    ]
                ],
                [
                    [
                        -3.755164969258294,
                        1.6184406619288478e-16,
                        -1.9985144610572527e-16
                    ],
                    [
                        1.6184406619288478e-16,
                        -3.755164969258294,
                        -3.868946782624825e-18
                    ],
                    [
                        -1.9985144610572527e-16,
                        -3.868946782624825e-18,
                        -3.755164969258294
                    ]
                ]
            ]
        },
        "stress": {
            "@module": "numpy",
            "@class": "array",
            "dtype": "float64",
            "data": [
                [
                    [
                        -72.454387,
                        -2.4937677999999998e-25,
                        -1.6065976000000002e-15
                    ],
                    [
                        -2.4937677999999998e-25,
                        -72.454387,
                        -2.1421302e-15
                    ],
                    [
                        -1.6065976000000002e-15,
                        -2.1421302e-15,
                        -72.454387
                    ]
                ],
                [
                    [
                        -72.454387,
                        3.1227157000000004e-15,
                        -3.8560527e-15
                    ],
                    [
                        3.1227157000000004e-15,
                        -72.454387,
                        -7.4649761e-17
                    ],
                    [
                        -3.8560527e-15,
                        -7.4649761e-17,
                        -72.454387
                    ]
                ]
            ]
        }
    }
}