{
    "@module": "dpdata.system",
    "@class": "LabeledSystem",
    "data": {
        "atom_numbs": [
            4
        ],
        "atom_names": [
            "Al"
        ],
        "atom_types": {
            "@module": "numpy",
            "@class": "array",
            "dtype": "int64",
            "data": [
                0,
                0,
                0,
                0
            ]
        },
        "orig": {
            "@module": "numpy",
            "@class": "array",
            "dtype": "int64",
            "data": [
                0,
                0,
                0
            ]
        },
        "cells": {
            "@module": "numpy",
            "@class": "array",
            "dtype": "float64",
            "data": [
                [
                    [
                        3.4007205062,
                        0.0,
                        0.0
                    ],
                    [
                        0.0,
                        3.4007205062,
                        0.0
                    ],
                    [
                        -0.0,
                        -0.0,
                        3.4007205062
                    ]
                ],
                [
                    [
                        3.4007205062,
                        0.0,
                        0.0
                    ],
                    [
                        0.0,
                        3.4007205062,
                        0.0
                    ],
                    [
                        -0.0,
                        -0.0,
                        3.4007205062
                    ]
                ]
            ]
        },
        "coords": {
            "@module": "numpy",
            "@class": "array",
            "dtype": "float64",
            "data": [
                [
                    [
                        0.0,
                        0.0,
                        0.0
                    ],
                    [
                        1.7003602531,
                        0.0,
                        1.7003602531
                    ],
                    [
                        1.7003602531,
                        1.7003602531,
                        0.0
                    ],
                    [
                        0.0,
                        1.7003602531,
                        1.7003602531
                    ]
                ],
                [
                    [
                        0.0,
                        1.169222121559659e-16,
                        1.1692221215596592e-15
                    ],
                    [
                        1.7003602531,
                        1.2103266303180984e-16,
                        1.7003602531
                    ],
                    [
                        1.7003602531,
                        1.7003602531,
                        1.1783564568393124e-15
                    ],
                    [
                        0.0,
                        1.7003602531,
                        1.7003602531
                    ]
                ]
            ]
        },
        "energies": {
            "@module": "numpy",
            "@class": "array",
            "dtype": "float64",
            "data": [
                -6.7156129,
                -6.7156129
            ]
        },
        "forces": {
            "@module": "numpy",
            "@class": "array",
            "dtype": "float64",
            "data": [
                [
                    [
                        0.0,
                        4.44089e-16,
                        4.44089e-15
                    ],
                    [
                        -1.52656e-16,
                        4.59702e-16,
                        2.69923e-15
                    ],
                    [
                        2.91434e-16,
                        -2.06432e-16,
                        4.47559e-15
                    ],
                    [
                        0.0,
                        2.22045e-16,
                        1.77636e-15
                    ]
                ],
                [
                    [
                        -4.44089e-16,
                        -4.35936e-15,
                        -9.99201e-15
                    ],
                    [
                        -4.71845e-16,
                        -2.09728e-15,
                        1.55709e-14
                    ],
                    [
                        8.36137e-16,
                        5.66951e-15,
                        -1.06234e-14
                    ],
                    [
                        0.0,
                        1.64018e-15,
                        1.84297e-14
                    ]
                ]
            ]
        },
        "virials": {
            "@module": "numpy",
            "@class": "array",
            "dtype": "float64",
            "data": [
                [
                    [
                        31.54978683918913,
                        5.607493313808992e-16,
                        1.337010915338459e-14
                    ],
                    [
                        5.607493313808992e-16,
                        31.54978683918913,
                        1.2331877088637917e-14
                    ],
                    [
                        1.337010915338459e-14,
                        1.2331877088637917e-14,
                        31.54978683918913
                    ]
                ],
                [
                    [
                        31.54978683918913,
                        -3.1669542938534313e-16,
                        1.2360920385178162e-14
                    ],
                    [
                        -3.1669542938534313e-16,
                        31.54978683918913,
                        1.664755615970789e-14
                    ],
                    [
                        1.2360920385178162e-14,
                        1.664755615970789e-14,
                        31.54978683918913
                    ]
                ]
            ]
        },
        "stress": {
            "@module": "numpy",
            "@class": "array",
            "dtype": "float64",
            "data": [
                [
                    [
                        1285.2688999999998,
                        2.2843693999999998e-14,
                        5.4466883e-13
                    ],
                    [
                        2.2843693999999998e-14,
                        1285.2688999999998,
                        5.023735400000001e-13
                    ],
                    [
                        5.4466883e-13,
                        5.023735400000001e-13,
                        1285.2688999999998
                    ]
                ],
                [
                    [
                        1285.2688999999998,
                        -1.2901475e-14,
                        5.035567e-13
                    ],
                    [
                        -1.2901475e-14,
                        1285.2688999999998,
                        6.7818481e-13
                    ],
                    [
                        5.035567e-13,
                        6.7818481e-13,
                        1285.2688999999998
                    ]
                ]
            ]
        }
    }
}